35
35
90
0
1.3
1/5
2.9
0.1
44
37
7
103
56
42
3
16
0
0
0.0
0.0
0.0
0
0%
0
0%
0
0%
0
0
0
0
0
0
0
33.9
0
0.0
13.4
8.3
5.1
7.5
1.5
0.0
10
0.0
0.0
0.0
0.0
0.6
2
1
1
0.0
0.2
0.1
0.1
11.3
0.0
0.1
0.0
2
0
0
36
36
88
4
0
0
0.0
0.5
0.1
0
0%
0
0%
0/11
0%
0/4
0/15
0
0
0
0
8
67.3
12
1.7
36.2
17.9
19.9
3.3
3.1
1.6
11
0.9
0.9
0.0
0.4
2.0
2
0
0
0.1
2.5
1.5
1.0
16.3
0.4
0.5
0.0
3
0
0
22
22
88
0
3
642
0.1
0.7
0.2
2
19%
0
0%
0
0%
3/15
0/1
2
0
1
0
0
44.5
0
0.1
27.7
19.8
7.9
2.7
1.5
0.0
7
1.5
0.5
0.0
0.3
4.0
2
1
0
0.0
3.6
1.0
2.6
7.3
0.6
0.5
0.1
3
1
1
28
28
89
1
3
831
0.1
0.5
0.1
0
23%
0
0%
0
0%
3/13
0
3
0
0
0
0
46.3
1
0.1
29.6
22.0
7.6
1.8
1.1
0.0
8
1.1
0.9
0.0
0.3
4.1
0
0
0
0.1
3.6
1.4
2.3
7.2
1.0
0.3
0.0
5
0
0
33
31
78
1
5
517
0.2
1.5
0.5
7
10%
0
0%
0
0%
5/35
0/15
0
1
4
0
4
45.2
3
1.0
25.5
9.3
16.4
0.8
0.9
0.2
1.1
1.3
0.5
1.9
0.2
0
0
0
0.9
3.4
2.7
0.7
10.8
0.8
0.5
0.2
3
0
0
38
38
90
2
10
342
0.3
1.7
0.6
1
16%
0
0%
0
0%
10/52
0/12
3
1
6
0
1
57.5
2
0.5
31.9
15.7
16.3
2.2
1.6
0.0
1.6
2.1
0.4
1.3
2.7
0
0
1
0.4
9.6
3.4
6.2
12.7
1.8
1.1
0.1
7
0
1
32
32
90
0
2
1440
0.1
0.8
0.3
2
7%
1/2
50%
0/3
0%
2/15
0/12
0
0
2
0
1
60.5
2
0.7
42.0
19.6
22.7
2.3
1.4
0.3
1.8
1.8
0.4
0.9
1.1
0
0
1
0.9
4.5
3.1
1.4
8.4
0.7
0.4
0.1
2
0
0
26
24
76
2
10
198
0.4
2.4
1.0
9
16%
0
0%
0
0%
10/51
0/12
2
2
6
1
5
35.2
3
1.0
11.9
2.5
9.4
0.5
0.5
0.1
0.3
0.3
0.8
0.2
0.3
0
0
0
1.7
6.2
3.4
2.8
13.7
1.1
1.5
0.6
3
0
0
15
1
25
0
0
0
0.0
0.5
0.1
0
0%
0
0%
0
0%
0/4
0/3
0
0
0
0
1
14.6
1
0.3
7.5
2.7
5.0
0.4
0.5
0.2
0.1
0.3
0.1
0.4
0.1
0
0
0
0.4
1.4
1.1
0.3
4.2
0.5
0.4
0.3
3
0
0
15
1
25
0
0
0
0.0
0.5
0.1
0
0%
0
0%
0
0%
0/4
0/3
0
0
0
0
1
14.6
1
0.3
7.5
2.7
5.0
0.4
0.5
0.2
0.1
0.3
0.1
0.4
0.1
0
0
0
0.4
1.4
1.1
0.3
4.2
0.5
0.4
0.3
3
0
0
38
30
68
2
8
323
0.2
1.4
0.4
7
15%
0
0%
0
0%
8/40
0/15
0
5
1
0
5
30.9
11
0.8
12.1
4.2
8.7
0.8
0.7
0.8
0.6
0.7
0.5
0.5
0.1
0
0
0
0.9
3.7
3.1
0.6
10.7
0.4
1.4
0.4
0
0
0
0