34
34
90
3
1.6
1/9
3.8
0.3
54
51
3
129
91
36
0
21
0
0
0.0
0.0
0.0
0
0%
0
0%
0
0%
0
0
0
0
0
0
0
46.9
0
0.0
22.1
17.7
4.5
7.2
2.6
0.0
7
0.1
0.0
0.0
0.1
0.6
0
1
0
0.0
0.4
0.1
0.3
12.5
0.0
0.1
0.0
3
0
0
32
32
89
2
1
2835
0.0
0.2
0.1
0
14%
0
0%
0
0%
1/6
0/1
0
1
0
0
0
63.3
0
0.4
39.2
27.2
12.2
4.1
3.9
0.1
6
2.2
1.1
0.1
0.5
4.6
1
1
0
0.4
3.4
1.8
1.6
12.1
0.8
0.2
0.1
9
0
0
24
14
57
0
1
1371
0.0
0.3
0.2
0
17%
0
0%
0
0%
1/4
0/2
0
0
1
0
1
33.1
0
0.3
13.1
7.2
6.1
0.3
0.5
0.2
1
0.8
1.0
0.1
0.3
1.1
0
0
0
0.3
2.8
2.1
0.8
8.8
0.9
0.8
0.0
4
0
0
24
13
57
0
0
0
0.0
0.3
0.0
1
0%
0
0%
0
0%
0/5
0/1
0
0
0
0
0
38.1
0
0.0
23.1
16.2
7.0
1.5
0.6
0.0
3
1.2
1.1
0.0
0.3
3.6
0
0
2
0.2
3.9
1.7
2.2
5.8
0.6
0.5
0.0
2
0
0
29
21
64
0
0
0
0.0
0.2
0.0
1
0%
0
0%
0
0%
0/3
0/3
0
0
0
0
0
36.2
1
0.5
22.6
12.8
9.8
1.7
1.9
0.1
4
1.0
0.7
0.2
0.7
0.8
0
0
0
0.3
2.6
2.0
0.7
7.0
0.6
0.9
0.0
4
0
0
33
31
81
2
6
445
0.2
1.2
0.5
1
15%
2/3
67%
0/8
0%
6/19
0/21
1
1
4
0
4
54.4
2
1.5
21.0
8.6
13.4
1.9
1.9
1.0
1.2
2.2
0.4
1.9
0.9
0
0
0
1.8
6.8
5.8
0.9
17.1
1.1
1.8
0.1
5
0
0
24
9
35
0
1
844
0.0
0.5
0.1
1
8%
0
0%
0
0%
1/6
0/6
1
0
0
0
2
17.3
2
0.2
6.6
3.3
3.5
0.3
0.2
0.2
0.1
0.5
0.1
0.3
0.7
0
0
0
0.4
2.7
1.5
1.1
6.2
0.5
0.6
0.2
1
0
0
28
23
75
0
0
0
0.0
0.6
0.0
0
0%
0
0%
0
0%
0
0/16
0
0
0
0
0
38.2
1
0.3
22.4
13.3
9.1
2.3
2.0
0.0
1.3
2.0
0.1
1.1
1.0
0
1
0
0.4
3.1
2.9
0.2
7.2
1.3
0.4
0.0
4
0
0
27
23
68
1
1
1825
0.0
0.4
0.1
2
10%
0
0%
0
0%
1/5
0/5
0
1
0
0
0
32.0
0
0.2
17.2
10.5
6.8
0.8
1.0
0.1
1.1
1.1
0.1
0.4
1.7
0
0
1
0.1
3.3
1.8
1.5
8.0
0.9
0.7
0.0
5
0
0
29
24
70
1
8
255
0.3
1.5
0.5
1
19%
0
0%
0
0%
7/33
1/10
1
2
5
1
3
28.0
2
0.6
8.2
3.6
4.8
0.6
0.5
0.1
0.5
1.1
0.3
1.2
0.7
0
0
0
0.6
4.9
2.6
2.4
10.5
1.1
0.9
0.5
4
0
0
30
18
54
1
6
270
0.2
1.3
0.4
2
16%
0
0%
0/1
0%
6/27
0/11
2
0
4
0
3
30.4
5
0.8
13.0
5.5
7.6
0.9
0.8
0.1
0.6
0.6
0.4
0.5
0.6
0
0
0
1.2
3.4
2.8
0.6
8.7
0.9
1.0
0.3
2
0
1
