34
34
90
3
1.5
1/6
3.5
0.4
52
46
6
120
86
33
5
14
0
0
0.0
0.0
0.0
0
0%
0
0%
0
0%
0
0
0
0
0
0
1
63.0
1
0.2
37.9
27.8
10.1
14.8
5.2
0.0
11
0.0
0.1
0.0
0.1
0.6
2
1
0
0.0
0.4
0.2
0.2
16.3
0.0
0.1
0.0
1
0
0
31
30
86
0
0
0
0.0
0.2
0.0
0
0%
0
0%
0
0%
0/4
0/2
0
0
0
0
1
58.7
1
0.5
26.9
17.4
10.1
1.8
1.7
0.6
6
1.4
1.4
0.2
0.4
2.7
0
0
0
0.7
4.5
3.1
1.5
15.4
1.1
1.0
0.0
6
0
0
26
12
49
0
0
0
0.0
0.3
0.0
0
0%
0
0%
0
0%
0/4
0/3
0
0
0
0
0
29.9
1
0.2
16.7
9.6
7.1
0.7
0.7
0.0
5
0.7
1.5
0.3
0.9
0.7
1
0
0
0.3
4.2
2.7
1.5
6.7
1.4
1.0
0.0
6
0
0
25
24
86
0
0
0
0.0
0.2
0.1
2
0%
0
0%
0
0%
0/6
0
0
0
0
0
0
54.3
0
0.1
35.6
29.1
6.6
2.6
1.6
0.0
9
1.6
1.4
0.0
0.4
4.4
0
0
0
0.1
5.0
2.1
2.9
8.1
0.5
0.6
0.0
1
0
0
30
30
89
4
1
2684
0.0
0.5
0.2
1
7%
0
0%
0
0%
1/10
0/4
1
0
0
0
1
65.6
1
0.2
42.0
33.7
8.3
4.8
2.5
0.0
11
2.2
1.9
0.1
0.4
5.3
2
1
3
0.3
5.3
2.9
2.4
9.6
0.7
0.8
0.0
6
0
0
34
33
82
3
5
557
0.1
2.0
0.6
2
7%
0
0%
0/7
0%
4/34
1/35
0
3
2
1
2
43.5
5
1.4
14.1
4.4
10.6
0.8
1.0
0.9
0.9
1.6
0.4
1.0
0.2
0
0
0
1.8
5.8
5.3
0.5
16.5
0.9
1.9
0.1
1
0
0
22
20
77
0
0
0
0.0
1.0
0.3
0
0%
0
0%
0/2
0%
0/5
0/16
0
0
0
0
0
45.8
1
0.7
25.2
12.8
13.2
1.2
1.1
0.8
1.2
1.6
0.5
0.9
0.6
1
0
0
0.8
3.5
3.0
0.5
11.7
0.2
0.7
0.2
1
0
0
18
13
59
0
0
0
0.0
0.6
0.1
0
0%
0
0%
0/2
0%
0/5
0/6
0
0
0
0
0
32.7
1
0.7
18.4
9.8
8.9
1.5
0.9
0.3
0.4
0.8
0.4
0.4
0.5
0
1
0
0.4
1.8
1.5
0.3
8.8
0.1
0.3
0.1
0
0
0
28
28
90
0
1
2518
0.0
0.6
0.2
1
6%
0
0%
0
0%
0/2
1/16
0
0
1
0
1
46.6
4
0.4
27.7
19.3
8.5
1.5
1.3
0.0
1.6
2.3
0.4
2.2
0.9
0
0
0
0.7
4.5
3.4
1.2
9.1
1.4
0.3
0.0
3
0
0
34
32
80
0
5
545
0.1
1.6
0.6
7
9%
1/2
50%
0
0%
4/43
1/11
1
2
2
0
2
35.9
7
0.9
12.8
3.5
9.4
0.6
0.5
0.1
0.1
0.7
0.4
0.6
0.8
0
0
0
0.2
9.0
2.5
6.5
15.6
1.4
1.6
0.4
4
0
0
32
5
23
0
1
733
0.0
0.5
0.2
2
7%
0
0%
0
0%
1/10
0/5
0
0
1
0
0
10.5
0
0.3
2.9
1.0
2.0
0.1
0.0
0.0
0.2
0.5
0.4
0.7
0.2
0
0
0
0.3
2.3
1.7
0.6
3.8
1.2
0.9
0.1
4
0
0
