31
31
88
1
1.6
0/6
2.7
0.2
50
46
4
83
56
26
3
14
0
0
0.0
0.0
0.0
0
0%
0
0%
0
0%
0
0
0
0
0
0
0
43.9
0
0.0
28.9
26.7
2.2
6.3
2.9
0.0
6
0.1
0.0
0.0
0.0
0.4
1
1
0
0.0
0.1
0.1
0.0
7.4
0.0
0.0
0.0
1
0
1
25
20
73
3
4
454
0.2
0.9
0.3
2
18%
1/1
100%
0
0%
4/17
0/5
2
1
1
0
0
64.1
2
0.4
34.7
21.2
13.6
2.0
1.4
0.2
3
1.9
1.8
0.1
0.6
2.4
0
0
2
0.5
5.1
3.4
1.7
11.7
1.4
1.2
0.1
7
0
0
29
29
87
3
3
846
0.1
0.4
0.2
1
25%
0
0%
0
0%
3/12
0
2
1
0
0
0
77.9
0
0.1
59.6
47.3
12.3
1.9
0.2
0.0
6
2.3
1.7
0.0
0.4
4.1
0
0
0
0.1
4.9
2.3
2.6
6.3
0.4
0.5
0.0
1
0
0
34
34
90
4
2
1530
0.1
0.7
0.2
0
9%
0
0%
0
0%
2/21
0/2
2
0
0
0
1
81.2
3
0.3
58.5
40.5
18.1
4.0
4.7
0.1
7
1.5
0.8
0.1
0.3
3.5
0
0
0
0.3
4.7
2.0
2.7
11.6
0.3
1.0
0.0
2
0
0
33
31
84
1
2
1387
0.1
0.8
0.3
2
8%
0
0%
0
0%
2/17
0/8
2
0
0
1
2
65.1
5
1.1
30.3
14.1
16.8
1.5
2.2
0.5
5
1.1
1.9
0.3
1.0
2.2
0
1
2
0.6
4.2
3.1
1.2
16.4
0.9
0.6
0.0
2
0
0
28
23
73
0
0
0
0.0
0.3
0.0
0
0%
0
0%
0
0%
0/2
0/7
0
0
0
0
2
57.8
1
0.4
40.0
22.8
17.3
1.5
1.9
0.1
1.2
2.0
0.4
1.1
1.3
0
0
0
0.8
4.2
3.5
0.7
8.4
1.1
0.7
0.0
5
0
0
33
30
80
2
6
438
0.2
1.5
0.5
3
12%
0
0%
0/2
0%
4/16
2/33
0
1
5
0
5
67.0
5
0.8
44.6
23.1
21.6
3.6
2.9
0.0
1.5
1.5
0.4
1.3
0.6
1
0
2
1.3
4.4
3.9
0.4
12.1
0.7
1.2
0.0
9
0
0
30
23
66
3
14
141
0.5
1.9
0.9
4
25%
6/7
86%
1/7
14%
13/35
1/21
1
2
11
0
8
44.7
8
1.5
27.7
12.5
15.7
1.4
1.3
0.4
0.4
0.8
0.7
0.8
0.5
0
0
0
0.3
3.0
2.1
0.9
9.5
1.4
1.0
0.1
6
0
0
32
14
43
0
3
461
0.1
0.5
0.2
1
19%
0
0%
0
0%
3/14
0/2
0
2
1
0
2
25.2
5
0.5
13.0
4.6
8.4
0.2
0.2
0.0
0.3
0.8
0.3
0.9
0.1
0
0
0
0.5
2.6
2.1
0.4
7.6
1.1
0.8
0.1
2
0
0
31
16
46
1
5
287
0.2
1.3
0.7
13
12%
0
0%
0
0%
5/35
0/6
0
1
4
3
2
26.7
1
0.5
10.4
4.1
6.4
0.3
0.1
0.0
0.3
0.5
0.2
0.2
0.2
0
0
0
1.3
4.7
3.5
1.2
8.6
1.1
1.7
0.4
4
0
0
29
20
60
1
8
217
0.3
2.0
0.7
9
14%
0
0%
0
0%
8/49
0/9
2
2
3
5
2
33.8
4
0.6
13.6
5.5
8.2
0.2
0.2
0.1
0.5
0.9
0.2
0.4
0.3
0
1
0
1.6
6.0
3.7
2.3
10.9
1.3
1.3
0.6
3
0
1
