33
33
90
2
1.3
1/3
2.5
0.9
42
38
4
83
58
23
0
17
0
0
0.0
0.0
0.0
0
0%
0
0%
0
0%
0
0
0
0
0
0
0
43.7
1
0.0
28.8
27.1
1.6
6.2
2.9
0.0
9
0.1
0.0
0.0
0.0
0.5
1
2
1
0.0
0.1
0.1
0.1
5.7
0.0
0.1
0.0
1
0
0
32
30
84
2
2
1338
0.1
0.7
0.2
1
10%
0
0%
0/3
0%
0/5
2/16
0
2
0
0
3
80.9
2
0.9
58.9
33.0
26.1
3.3
2.8
0.2
7
1.3
1.2
0.5
0.5
1.8
0
0
0
0.5
2.6
2.0
0.6
12.4
0.6
0.3
0.0
4
0
0
29
29
82
1
1
2378
0.0
0.3
0.1
0
11%
0
0%
0
0%
1/6
0/3
1
0
0
0
1
77.3
2
0.2
60.9
36.5
24.4
5.6
3.3
0.1
4
1.4
0.9
0.1
0.6
2.1
0
1
0
0.2
2.9
1.4
1.4
9.0
0.8
0.3
0.0
6
0
0
23
18
69
0
0
0
0.0
0.2
0.0
1
0%
0
0%
0
0%
0/4
0/1
0
0
0
1
2
68.5
3
0.6
43.1
24.4
19.3
2.0
1.5
0.7
6
0.8
1.8
0.3
0.6
1.4
0
0
1
0.8
5.7
4.0
1.7
11.7
0.7
1.3
0.0
4
0
0
11
11
88
2
3
324
0.3
1.1
0.5
0
25%
0
0%
0
0%
2/7
1/5
0
0
3
0
3
99.2
5
2.6
69.5
32.4
39.2
5.1
4.5
2.0
5
1.4
1.1
0.5
1.1
1.3
1
0
0
0.1
3.2
2.5
0.6
17.2
0.4
1.4
0.0
0
0
0
29
23
61
3
5
353
0.2
1.8
0.7
2
10%
0
0%
0
0%
3/33
2/19
1
0
4
1
10
41.8
11
1.6
21.7
5.3
17.3
0.9
0.6
0.9
0.1
0.5
0.7
0.7
0.1
0
0
0
1.9
4.0
3.6
0.4
11.0
0.4
1.2
0.2
1
0
0
32
31
84
6
11
244
0.3
1.6
0.6
6
22%
1/1
100%
0
0%
10/41
1/10
3
4
4
1
18
61.5
15
2.9
32.6
9.5
23.9
1.2
1.4
0.8
0.7
1.5
0.9
1.5
0.5
0
1
0
0.8
4.7
3.1
1.6
17.5
0.7
0.7
0.4
0
0
0
26
7
34
0
6
145
0.2
1.0
0.4
3
23%
0
0%
0
0%
5/20
1/6
1
1
4
0
1
26.6
1
0.3
13.3
4.5
8.9
0.4
0.4
0.0
0.5
0.8
0.6
0.6
0.0
0
0
0
1.7
3.5
3.3
0.3
6.5
0.5
0.8
0.1
0
0
0
16
7
49
0
1
778
0.1
0.8
0.4
4
8%
0
0%
0
0%
1/10
0/2
1
0
0
0
0
41.9
0
0.5
29.4
11.9
17.9
3.0
2.0
0.4
0.4
1.2
0.4
1.3
0.5
0
0
0
0.2
3.3
2.4
0.9
6.1
0.8
1.0
0.1
1
0
1
29
28
85
9
41
60
1.4
4.7
2.3
25
30%
8/9
89%
0/5
0%
38/115
3/22
5
4
32
2
7
37.8
9
1.1
17.6
4.8
13.0
0.5
0.5
0.2
0.1
0.5
1.1
0.4
0.4
0
0
0
0.8
3.8
2.1
1.7
10.9
1.4
1.0
0.7
4
0
0
32
18
56
2
6
300
0.2
1.8
0.7
4
11%
0
0%
0
0%
3/31
3/26
0
5
1
1
9
39.0
11
1.0
17.9
5.0
13.4
0.7
0.7
0.5
0.3
0.6
0.7
0.5
0.2
0
1
0
1.9
3.4
3.1
0.3
12.6
0.4
0.7
0.2
2
0
0
