29
29
88
2
1.0
1/2
1.9
0.7
29
26
3
56
39
17
0
9
0
0
0.0
0.0
0.0
0
0%
0
0%
0
0%
0
0
0
0
0
0
0
52.0
0
0.0
31.1
28.4
2.8
7.7
2.0
0.0
8
0.0
0.0
0.0
0.0
0.8
1
2
1
0.0
0.4
0.1
0.3
11.0
0.0
0.1
0.0
1
0
0
18
11
63
2
1
1139
0.1
0.2
0.1
0
25%
0
0%
0
0%
1/3
0/1
0
0
1
0
0
66.2
1
0.3
49.9
28.3
21.8
4.3
1.7
0.2
2
0.7
0.6
0.3
0.2
1.7
0
0
0
0.2
2.5
1.2
1.3
7.2
0.7
0.4
0.0
3
0
0
27
24
82
0
1
2220
0.0
0.3
0.1
1
11%
0
0%
0
0%
1/9
0
1
0
0
0
0
83.7
0
0.0
64.9
43.0
21.9
3.4
2.2
0.0
5
1.2
1.1
0.0
0.4
3.0
0
1
0
0.3
4.3
1.7
2.6
8.9
1.1
0.4
0.0
3
0
0
31
29
86
5
1
2651
0.0
0.5
0.2
0
6%
0
0%
0
0%
1/13
0/3
0
0
1
0
0
103.5
1
0.1
81.1
56.6
24.6
6.7
2.2
0.0
6
1.5
1.7
0.1
0.8
2.9
0
0
0
0.6
4.9
2.7
2.2
10.8
1.4
0.3
0.2
5
0
0
22
15
66
0
0
0
0.0
0.3
0.1
1
0%
0
0%
0
0%
0/4
0/3
0
0
0
0
0
66.6
0
0.0
41.4
22.4
19.1
2.1
1.1
0.2
3
1.1
2.4
0.2
1.2
1.7
0
1
0
0.5
4.4
3.6
0.8
10.0
1.3
0.7
0.0
3
0
0
29
20
60
1
4
437
0.1
1.5
0.5
1
9%
0
0%
0/5
0%
2/10
2/34
0
4
0
0
4
52.6
5
1.2
30.9
11.9
19.9
2.5
2.4
0.9
0.3
1.6
0.5
0.7
0.2
0
1
0
0.8
3.7
3.3
0.4
13.3
1.5
0.9
0.0
2
0
0
17
12
63
1
2
538
0.1
0.4
0.2
1
29%
0
0%
0
0%
2/3
0/4
1
1
0
0
0
46.6
0
0.3
32.6
16.2
16.5
2.3
2.9
0.1
0.7
2.5
0.4
0.9
0.6
1
0
0
0.4
4.9
3.6
1.3
6.4
0.6
0.8
0.0
1
0
0
29
25
77
1
5
446
0.2
1.1
0.5
2
16%
0
0%
0
0%
4/19
1/12
1
1
3
0
5
49.0
4
1.6
26.9
8.8
18.3
1.2
1.0
0.2
0.3
1.2
0.8
0.9
0.2
0
0
0
2.1
4.0
3.8
0.2
13.0
0.9
0.5
0.2
1
0
0
22
19
71
0
0
0
0.0
0.3
0.0
0
0%
0
0%
0
0%
0/3
0/3
0
0
0
0
0
69.8
0
0.6
40.2
23.2
17.1
3.0
0.8
0.1
1.0
1.5
0.4
0.8
0.7
0
0
1
1.3
4.1
3.7
0.4
13.8
0.6
1.0
0.0
4
0
0
25
12
50
3
11
113
0.4
1.6
0.8
6
27%
2/2
100%
0
0%
11/38
0/3
3
1
7
0
2
20.6
1
0.6
9.0
2.5
6.6
0.2
0.2
0.0
0.1
0.3
0.2
0.1
0.4
0
0
0
0.6
3.2
1.6
1.5
6.1
0.7
0.7
0.4
2
0
0
30
25
72
4
9
239
0.3
1.9
0.7
4
16%
0
0%
0/3
0%
7/32
2/26
1
5
3
0
8
46.2
8
1.6
20.3
6.2
15.4
1.6
1.3
1.3
0.3
0.5
0.9
0.4
0.1
0
0
0
2.5
5.0
4.4
0.6
15.5
0.8
1.4
0.5
6
0
0
