16
16
87
0
1.0
0/2
1.8
0.0
16
14
2
29
16
13
0
4
0
0
0.0
0.0
0.0
0
0%
0
0%
0
0%
0
0
0
0
0
0
0
37.7
0
0.0
24.3
21.3
3.0
6.1
1.3
0.0
7
0.0
0.1
0.0
0.0
0.6
0
1
0
0.0
0.2
0.1
0.1
5.8
0.0
0.1
0.0
1
0
0
27
25
82
5
5
444
0.2
1.4
0.6
2
14%
0
0%
0/3
0%
5/20
0/17
0
5
0
0
10
91.0
14
2.0
61.2
24.6
37.4
2.0
3.4
0.8
6
1.0
1.1
0.9
0.6
0.9
1
0
0
1.2
3.0
2.7
0.2
14.4
0.4
0.4
0.1
1
0
0
33
32
85
8
5
563
0.2
0.9
0.5
5
17%
0
0%
0
0%
5/29
0/1
3
1
1
0
0
92.4
1
0.4
70.1
46.5
23.6
7.6
3.7
0.0
7
2.2
1.8
0.0
0.5
3.7
2
0
0
0.2
6.3
2.4
3.9
10.6
0.8
0.5
0.2
6
0
0
21
17
70
2
1
1475
0.0
0.6
0.1
2
8%
0
0%
0
0%
1/6
0/6
0
0
1
1
1
68.5
1
0.7
41.7
21.6
20.5
2.3
2.0
0.4
3
0.9
1.4
0.2
0.4
1.2
1
1
0
0.7
3.0
2.3
0.7
13.6
0.8
0.1
0.1
3
0
0
28
26
84
3
2
1176
0.1
0.7
0.2
3
11%
0
0%
0
0%
2/16
0/3
1
0
1
1
0
86.3
0
0.1
69.6
43.2
26.4
4.5
2.0
0.0
7
1.8
1.5
0.2
0.4
2.5
1
0
1
0.3
4.1
2.4
1.6
7.0
0.8
0.6
0.0
4
0
0
29
19
59
1
1
1701
0.0
1.1
0.3
2
3%
0
0%
0
0%
1/17
0/16
0
0
1
0
3
48.9
6
0.5
29.7
13.4
16.3
1.6
1.1
0.1
0.8
1.7
0.8
0.9
0.4
0
0
1
1.0
5.3
4.4
0.9
9.6
1.4
1.8
0.0
4
1
1
28
23
76
3
1
2138
0.0
0.6
0.2
1
6%
0
0%
0
0%
1/9
0/8
1
0
0
0
4
76.1
5
0.6
54.2
32.8
21.6
3.8
2.1
0.3
1.7
1.5
0.3
0.6
1.8
0
0
2
1.1
4.9
3.4
1.6
10.2
1.3
0.8
0.0
5
0
0
32
27
72
2
8
287
0.3
1.8
0.8
10
14%
0/2
0%
1/6
17%
7/39
1/17
0
2
6
3
6
47.0
12
1.6
27.0
7.6
19.9
1.3
0.9
0.4
0.4
1.0
0.4
0.8
0.4
0
0
0
1.3
3.8
3.4
0.4
10.7
0.8
1.1
0.3
1
0
0
31
17
48
1
3
499
0.1
0.7
0.3
2
14%
0
0%
0/1
0%
1/13
2/9
0
1
2
0
2
39.0
3
1.0
24.5
7.5
17.4
1.5
1.0
0.3
0.5
0.9
0.5
1.0
0.2
1
0
0
0.7
2.4
2.1
0.2
7.9
0.2
0.5
0.1
0
0
0
28
27
86
8
27
89
1.0
3.3
1.8
19
29%
2/4
50%
0
0%
26/85
1/8
1
24
2
0
6
27.9
5
1.0
11.8
3.5
8.4
0.1
0.2
0.0
0.1
0.3
1.0
0.1
0.6
0
0
0
1.1
3.4
2.1
1.3
7.7
0.7
0.8
0.6
2
0
0
4
0
17
0
1
68
0.3
0.5
0.3
0
50%
0
0%
0
0%
1/2
0
0
0
1
0
1
12.3
1
1.0
3.5
0.5
3.8
0.0
0.8
0.8
0.0
0.0
0.0
0.3
0.0
0
0
0
1.5
2.3
2.0
0.3
3.8
0.8
0.5
0.0
0
0
0
