33
33
90
1
1.6
1/6
3.1
0.3
52
45
7
101
64
36
0
15
0
0
0.0
0.0
0.0
0
0%
0
0%
0
0%
0
0
0
0
0
0
0
46.2
0
0.0
24.0
18.7
5.3
7.6
2.2
0.0
4
0.1
0.0
0.0
0.0
1.0
1
2
0
0.0
0.3
0.1
0.2
12.3
0.0
0.1
0.0
0
0
0
14
14
87
0
1
1224
0.1
0.7
0.1
0
10%
0
0%
0
0%
1/6
0/4
1
0
0
0
0
58.0
1
0.1
37.4
22.6
14.9
3.1
2.1
0.1
1
1.2
1.3
0.0
0.4
2.3
0
0
0
0.3
4.2
2.0
2.2
9.2
0.6
0.4
0.1
3
1
1
21
19
71
1
1
1493
0.0
1.0
0.3
2
5%
0
0%
0
0%
1/12
0/8
0
1
0
0
2
44.8
3
0.7
18.1
9.9
8.7
1.1
1.0
0.4
3
1.4
0.8
0.1
0.6
1.0
0
0
0
0.5
3.0
2.0
1.0
13.3
0.4
0.7
0.0
1
0
0
29
29
87
2
2
1264
0.1
0.8
0.2
2
9%
0
0%
0
0%
2/20
0/3
2
0
0
2
1
80.4
2
0.3
52.2
34.0
18.2
3.4
2.1
0.0
3
1.5
2.7
0.1
0.9
3.1
0
0
1
0.2
7.7
4.0
3.7
13.8
1.1
1.2
0.0
4
0
0
15
3
28
0
1
423
0.1
0.4
0.1
0
17%
0
0%
0
0%
1/5
0/1
0
0
1
0
0
17.1
0
0.3
7.7
2.6
5.1
0.5
0.2
0.1
2
0.2
0.3
0.1
0.2
0.3
0
0
0
0.2
0.9
0.5
0.4
4.7
0.4
0.1
0.3
2
0
0
29
26
79
0
0
0
0.0
0.1
0.0
0
0%
0
0%
0
0%
0/1
0/1
0
0
0
0
0
67.7
0
0.2
50.7
29.4
21.4
3.1
1.8
0.1
1.1
1.5
0.2
0.9
2.3
2
0
0
0.2
4.0
2.9
1.1
7.9
0.8
1.2
0.0
5
0
0
27
17
59
0
1
1584
0.0
0.5
0.1
0
8%
0
0%
0
0%
1/10
0/3
0
1
0
0
0
41.2
0
0.2
25.4
15.0
10.4
1.5
1.4
0.0
1.1
1.2
0.1
0.8
1.9
0
2
1
0.3
3.0
2.0
1.0
7.7
1.1
0.4
0.0
4
0
0
32
28
74
3
5
474
0.2
1.2
0.3
6
13%
0
0%
0/2
0%
5/24
0/14
0
1
4
1
12
43.8
9
1.8
21.8
6.7
15.9
1.0
0.7
0.8
0.4
1.5
0.8
1.0
0.7
0
0
0
1.0
4.0
3.5
0.5
12.8
1.3
0.9
0.2
3
0
0
30
29
85
7
4
634
0.1
1.7
0.7
6
8%
0
0%
0/5
0%
3/26
1/26
0
4
0
0
14
68.2
22
3.0
24.6
10.6
16.6
1.4
1.5
2.6
0.9
1.8
0.7
1.1
0.7
2
0
0
0.8
3.7
3.2
0.5
25.4
0.7
0.7
0.1
4
0
0
32
32
87
4
28
99
0.9
3.7
2.0
18
24%
7/7
100%
0/3
0%
28/102
0/15
8
3
16
3
5
38.1
8
1.0
17.2
5.0
12.3
0.3
0.6
0.1
0.1
0.3
0.7
0.2
0.5
0
0
0
0.8
4.5
2.2
2.3
12.0
0.6
1.1
0.9
1
0
0
26
16
54
0
3
468
0.1
1.3
0.5
2
9%
0
0%
0
0%
3/23
0/10
0
1
2
0
3
37.8
2
0.9
18.0
4.5
13.9
1.0
0.8
0.4
0.5
1.0
0.8
1.0
0.2
0
0
0
2.0
4.0
3.9
0.0
10.8
1.5
1.0
0.2
5
0
0
