31
31
90
1
1.5
1/3
3.6
0.3
46
39
7
113
66
47
0
24
0
0
0.0
0.0
0.0
0
0%
0
0%
0
0%
0
0
0
0
0
0
0
48.0
0
0.0
24.6
20.3
4.4
6.5
1.9
0.0
6
0.1
0.0
0.0
0.1
0.6
0
1
0
0.0
0.2
0.0
0.2
13.7
0.0
0.0
0.0
0
0
0
34
34
90
2
3
1020
0.1
0.8
0.2
0
12%
0
0%
0/1
0%
1/9
2/17
0
3
0
0
3
57.8
6
2.0
24.9
10.8
16.0
1.8
2.4
1.9
6
0.9
1.0
0.1
0.8
0.9
0
0
0
0.5
2.4
2.0
0.4
15.6
0.9
0.5
0.1
2
0
0
27
22
73
0
2
984
0.1
0.3
0.2
0
22%
0
0%
0
0%
2/9
0
2
0
0
0
0
46.0
0
0.0
33.2
25.8
7.4
2.0
0.9
0.0
3
1.4
1.0
0.0
0.6
2.3
0
0
0
0.1
3.6
1.9
1.7
5.1
0.6
0.7
0.1
3
0
0
34
34
88
3
4
748
0.1
0.3
0.1
1
40%
0
0%
0
0%
4/10
0
3
0
1
0
0
66.0
0
0.1
48.4
39.1
9.3
4.2
2.1
0.0
6
1.2
0.6
0.0
0.3
2.7
0
0
0
0.1
3.5
1.8
1.7
9.2
0.5
1.0
0.1
4
0
0
24
18
69
1
0
0
0.0
0.3
0.0
1
0%
0
0%
0
0%
0/5
0/2
0
0
0
0
0
45.1
0
0.0
27.7
20.9
6.8
2.7
1.2
0.0
4
1.5
1.3
0.0
0.5
3.6
2
0
0
0.2
4.7
2.6
2.1
7.2
0.9
1.1
0.0
3
0
0
31
27
75
3
9
259
0.3
1.9
0.9
3
16%
4/4
100%
0/7
0%
9/36
0/22
1
0
8
0
10
47.9
9
2.1
25.4
10.3
16.5
2.3
1.8
1.4
0.9
0.6
0.7
0.6
0.5
1
0
0
1.0
2.5
2.2
0.4
14.0
0.4
0.6
0.1
2
0
0
31
30
88
0
1
2730
0.0
0.6
0.3
1
5%
0
0%
0
0%
1/13
0/7
0
0
1
1
3
57.6
3
0.5
37.6
21.9
15.7
2.3
2.0
0.1
2.1
1.7
0.4
1.2
1.1
1
1
2
1.1
5.9
3.9
2.0
9.2
2.3
1.1
0.0
11
0
0
3
3
90
0
0
0
0.0
1.3
1.0
0
0%
0
0%
0
0%
0/1
0/3
0
0
0
0
0
70.3
0
1.3
43.3
19.3
24.3
2.3
2.0
0.3
2.3
3.0
0.7
1.7
2.3
0
0
0
0.7
7.3
5.0
2.3
9.7
2.3
1.7
0.3
1
0
0
31
27
77
1
2
1199
0.1
0.7
0.3
0
10%
0
0%
0/6
0%
2/10
0/11
0
0
2
0
2
52.5
4
0.8
23.5
10.7
13.5
2.1
2.7
0.6
0.9
1.2
0.2
0.5
1.0
0
0
0
0.6
2.8
2.4
0.5
12.9
0.5
0.5
0.0
4
0
0
30
19
51
1
5
305
0.2
1.4
0.6
3
12%
0
0%
0
0%
5/34
0/8
1
0
4
1
6
17.9
10
0.6
4.4
0.9
3.6
0.1
0.3
0.1
0.0
0.5
0.5
0.5
0.9
0
0
0
0.5
2.7
1.5
1.3
7.4
1.5
0.5
0.3
7
0
0
33
22
63
0
4
523
0.1
1.3
0.4
11
10%
0
0%
0
0%
4/39
0/3
0
1
3
1
4
33.5
3
0.6
13.2
5.1
8.2
0.4
0.4
0.1
0.5
1.1
0.5
0.6
0.4
0
0
0
0.8
6.4
4.2
2.2
11.6
0.8
2.3
0.4
5
0
0
