31
31
90
0
1.6
2/9
2.8
0.2
51
45
6
87
60
23
0
24
0
0
0.0
0.0
0.0
0
0%
0
0%
0
0%
0
0
0
0
0
0
0
47.9
0
0.0
28.2
25.4
2.8
5.7
1.6
0.0
6
0.1
0.0
0.0
0.0
0.6
0
0
0
0.0
0.4
0.2
0.3
9.7
0.0
0.2
0.0
1
0
0
12
11
82
0
0
0
0.0
0.6
0.0
1
0%
0
0%
0
0%
0/5
0/2
0
0
0
0
0
65.9
0
0.1
45.7
29.2
16.6
4.1
2.5
0.1
4
1.3
1.1
0.1
0.3
3.1
0
0
1
0.4
4.1
2.0
2.1
10.4
1.0
0.5
0.0
0
0
0
16
14
74
0
1
1185
0.1
0.1
0.1
0
50%
0
0%
0
0%
1/1
0/1
1
0
0
0
0
55.9
1
0.2
35.8
24.2
11.6
1.7
1.1
0.1
0
0.8
1.1
0.0
0.4
1.9
2
0
0
0.4
3.8
2.4
1.4
9.4
0.9
1.0
0.0
1
0
0
20
17
79
2
0
0
0.0
0.5
0.2
1
0%
0
0%
0
0%
0/9
0/1
0
0
0
0
4
56.9
5
1.1
26.3
11.3
15.8
1.0
1.1
0.8
2
0.9
0.7
0.3
0.5
1.3
0
0
0
0.3
3.9
1.4
2.5
15.2
1.0
0.7
0.2
3
0
0
26
25
82
0
0
0
0.0
0.4
0.1
1
0%
0
0%
0/1
0%
0/6
0/4
0
0
0
0
0
67.9
0
0.5
40.8
26.7
14.4
3.1
3.3
0.4
5
1.4
2.0
0.2
0.8
2.5
0
1
0
0.3
4.7
2.8
2.0
13.3
1.5
0.5
0.0
9
1
1
31
28
77
2
6
397
0.2
2.0
0.7
4
10%
0
0%
0/1
0%
5/43
1/18
1
0
5
2
3
48.0
7
1.1
22.0
9.0
13.2
1.1
1.2
0.2
0.8
1.5
0.7
1.2
0.6
0
0
0
1.1
6.0
4.1
1.9
13.8
2.3
1.7
0.0
7
0
0
23
7
35
0
0
0
0.0
0.6
0.1
4
0%
0
0%
0
0%
0/9
0/4
0
0
0
0
2
25.8
5
0.5
11.8
4.8
7.2
0.4
0.3
0.2
0.8
0.8
0.1
0.7
0.6
0
0
0
0.2
1.5
1.3
0.2
6.3
0.6
0.3
0.0
5
0
0
26
22
72
3
2
941
0.1
0.8
0.3
2
10%
0
0%
0
0%
2/11
0/9
1
1
0
1
1
67.0
4
0.6
46.7
25.2
21.6
4.9
3.7
0.2
2.0
1.4
0.5
1.3
1.8
1
0
1
0.7
4.4
3.2
1.2
9.0
1.2
1.2
0.0
4
1
1
27
23
69
0
1
1862
0.0
0.6
0.3
0
6%
0
0%
0/2
0%
1/5
0/11
0
0
1
0
2
49.3
3
1.2
26.3
10.0
17.0
1.4
1.7
0.7
0.5
1.4
0.4
1.2
0.8
0
1
0
0.4
2.9
2.3
0.5
13.4
1.1
0.6
0.0
4
0
0
32
23
69
1
9
245
0.3
1.5
0.6
13
19%
0
0%
0
0%
9/44
0/4
1
3
5
1
7
34.0
9
1.2
13.8
3.9
10.4
0.3
0.4
0.5
0.5
0.8
0.7
0.2
0.5
0
0
0
1.3
4.8
3.1
1.8
11.6
0.8
1.0
0.1
3
0
0
28
26
85
9
20
119
0.7
3.4
1.6
10
21%
5/5
100%
2/7
29%
18/61
2/35
1
3
16
0
5
49.1
6
1.4
26.2
8.7
18.4
1.3
1.3
0.9
0.3
0.3
0.9
0.2
0.2
0
1
0
0.9
2.9
2.6
0.3
13.1
0.1
1.5
0.3
2
0
0
