26
26
90
3
1.5
0/6
2.7
0.1
39
32
7
69
37
32
1
27
0
0
0.0
0.0
0.0
0
0%
0
0%
0
0%
0
0
0
0
0
0
0
39.6
0
0.0
23.4
20.4
3.0
6.8
1.9
0.0
8
0.0
0.0
0.0
0.0
0.6
0
0
0
0.0
0.3
0.2
0.2
7.5
0.0
0.2
0.0
0
0
0
19
17
81
3
1
1544
0.1
0.5
0.1
3
10%
0
0%
0
0%
1/10
0
1
0
0
0
0
64.0
2
0.3
48.4
39.0
9.4
3.6
1.3
0.0
3
1.4
0.7
0.0
0.4
3.5
1
0
1
0.3
2.7
1.2
1.5
6.5
0.4
0.2
0.0
3
0
0
27
22
67
1
0
0
0.0
0.6
0.2
0
0%
0
0%
0
0%
0/5
0/11
0
0
0
0
2
55.9
3
0.9
24.6
14.4
10.9
2.7
1.6
0.7
0
2.0
2.4
0.2
1.4
1.8
0
1
2
0.7
4.9
3.9
1.0
13.4
0.9
0.7
0.0
3
0
0
23
22
74
1
3
566
0.1
0.3
0.2
1
38%
0
0%
0
0%
3/4
0/4
1
0
2
0
1
49.0
1
0.4
25.8
14.8
11.6
1.4
1.2
0.6
4
1.2
1.0
0.2
0.6
1.5
0
0
0
0.2
2.7
2.0
0.7
8.0
0.5
0.8
0.0
4
0
0
22
10
41
0
1
909
0.0
0.1
0.1
0
33%
0
0%
0
0%
1/3
0
0
0
1
0
0
30.3
1
0.5
12.1
5.8
6.8
0.7
0.4
0.5
1
0.5
0.6
0.1
0.5
1.2
0
0
1
0.4
3.5
1.8
1.6
8.1
0.9
0.8
0.0
2
1
1
27
24
71
2
1
1913
0.0
1.0
0.3
1
4%
0
0%
0/1
0%
1/9
0/18
1
0
0
0
6
49.8
7
1.3
25.9
11.4
15.1
2.9
2.4
0.6
1.0
1.3
0.3
0.8
0.6
0
0
0
0.7
3.9
3.0
0.9
13.8
1.0
1.0
0.1
5
0
1
24
19
76
0
2
909
0.1
0.7
0.4
0
12%
0
0%
0
0%
1/8
1/9
0
0
2
2
1
53.6
2
0.7
35.5
16.6
18.9
2.5
1.3
0.1
0.9
1.0
0.3
0.7
0.8
1
0
0
1.0
4.5
3.9
0.6
9.1
1.0
2.0
0.0
5
0
0
33
31
85
0
0
0
0.0
0.3
0.1
1
0%
0
0%
0
0%
0/11
0
0
0
0
0
0
58.2
1
0.2
38.9
27.2
11.8
3.1
1.2
0.1
1.3
1.5
0.2
0.5
3.0
0
0
1
0.1
4.5
2.4
2.1
9.1
1.3
0.9
0.1
2
0
0
26
25
81
1
1
2095
0.0
1.2
0.2
0
3%
0
0%
0
0%
1/9
0/21
1
0
0
1
0
46.4
3
0.3
25.0
14.2
10.9
2.9
1.6
0.1
1.5
1.3
0.3
0.5
1.8
0
0
0
0.6
5.2
2.7
2.4
10.2
1.3
0.8
0.0
7
0
0
27
25
80
3
7
307
0.3
2.6
1.3
8
10%
2/3
67%
0/8
0%
6/29
1/41
0
1
6
1
4
50.6
6
1.8
16.4
4.6
13.0
1.7
1.6
1.2
1.1
1.3
0.8
1.3
0.3
0
0
1
3.0
7.7
7.0
0.7
17.5
1.7
2.8
0.2
9
0
0
32
18
51
1
7
234
0.2
1.3
0.6
8
17%
0/1
0%
0
0%
7/36
0/5
1
1
5
0
1
19.4
1
0.3
8.7
3.8
4.9
0.4
0.4
0.1
0.2
0.3
0.3
0.6
0.4
0
0
0
0.2
2.8
1.1
1.7
6.1
1.4
0.7
0.6
4
0
0
