34
34
89
2
1.7
1/8
2.9
0.2
59
52
7
97
66
30
1
20
0
0
0.0
0.0
0.0
0
0%
0
0%
0
0%
0
0
0
0
0
0
0
43.4
0
0.0
25.9
20.9
5.0
9.1
3.7
0.0
5
0.0
0.0
0.0
0.1
0.5
1
1
0
0.1
0.2
0.1
0.1
10.0
0.0
0.0
0.0
0
0
0
19
15
68
2
3
431
0.2
1.4
0.4
3
11%
0
0%
0
0%
3/19
0/8
1
2
0
1
1
41.9
2
0.9
22.4
11.9
10.9
1.6
0.8
0.4
2
1.0
1.8
0.4
1.1
0.9
0
1
0
0.3
6.1
3.3
2.8
9.6
0.6
1.2
0.1
2
0
0
24
23
87
1
1
2082
0.0
0.8
0.2
1
6%
0
0%
0
0%
1/18
0
1
0
0
0
1
49.7
0
0.0
31.2
24.4
6.8
3.8
2.0
0.0
5
1.7
1.2
0.0
0.5
4.2
0
0
2
0.2
4.3
1.7
2.7
7.5
1.0
0.4
0.1
3
0
0
21
12
53
1
0
0
0.0
0.4
0.1
0
0%
0
0%
0
0%
0/2
0/7
0
0
0
0
0
40.3
2
0.5
19.6
9.7
10.2
1.3
1.3
0.3
1
1.1
0.9
0.1
0.4
0.9
0
0
0
0.9
3.4
2.6
0.9
9.4
0.4
0.8
0.0
1
0
0
16
16
85
0
0
0
0.0
0.5
0.1
0
0%
0
0%
0
0%
0/3
0/5
0
0
0
0
4
70.6
3
1.8
30.7
13.3
18.4
2.5
3.0
1.1
1
1.5
1.9
0.3
1.6
1.4
0
0
0
0.0
4.0
2.8
1.3
19.8
1.0
0.8
0.1
3
0
0
27
11
45
0
2
614
0.1
0.4
0.1
3
17%
0
0%
0
0%
2/10
0/2
0
0
2
0
1
27.9
5
0.6
14.4
6.6
8.1
0.6
0.4
0.3
0.5
1.3
0.3
0.7
0.5
0
0
0
0.3
2.8
2.5
0.3
7.1
0.7
0.9
0.2
1
0
0
32
32
80
1
7
365
0.2
1.6
0.5
3
14%
3/4
75%
0/4
0%
6/26
1/24
0
1
6
0
4
54.3
3
1.3
26.4
10.3
17.3
2.4
2.0
1.2
0.6
1.1
0.5
1.0
0.6
0
0
0
1.6
5.5
4.4
1.1
15.9
1.7
1.7
0.2
6
1
1
15
11
64
1
2
479
0.1
0.7
0.1
0
18%
0
0%
0
0%
2/6
0/5
1
1
0
0
0
47.7
1
0.7
29.1
16.5
12.9
1.4
0.7
0.3
1.7
1.1
0.3
0.7
0.7
0
0
0
0.7
5.3
3.5
1.8
8.3
0.9
1.9
0.0
2
0
0
30
20
61
1
5
367
0.2
0.9
0.4
1
18%
0
0%
0/3
0%
4/11
1/17
0
5
0
0
2
33.7
3
0.9
12.7
5.0
8.3
0.8
0.9
0.6
0.9
1.8
0.4
1.1
0.5
0
0
0
0.4
4.2
3.8
0.4
11.2
0.7
1.6
0.0
4
0
0
24
9
43
0
2
517
0.1
0.5
0.2
0
17%
0
0%
0
0%
2/6
0/6
0
0
2
0
3
20.2
1
0.4
8.5
2.4
6.3
0.1
0.5
0.2
0.4
0.5
0.4
0.2
0.0
0
0
0
0.1
1.2
0.8
0.4
8.1
0.5
0.3
0.1
0
0
0
31
29
83
1
2
1281
0.1
1.3
0.4
2
5%
0
0%
0
0%
2/28
0/13
0
0
2
1
2
56.7
3
0.8
22.1
10.6
11.8
2.0
1.6
0.3
0.9
1.1
0.5
0.8
1.5
1
0
2
1.2
4.8
4.0
0.8
18.0
0.9
1.8
0.2
3
0
0
