33
33
90
1
0.9
0/3
1.5
0.2
30
26
4
51
33
17
1
13
0
0
0.0
0.0
0.0
0
0%
0
0%
0
0%
0
0
0
0
0
0
0
38.3
0
0.0
25.8
23.6
2.2
4.8
2.0
0.0
15
0.1
0.0
0.0
0.0
0.4
0
0
0
0.0
0.2
0.0
0.1
4.5
0.0
0.0
0.0
0
0
0
24
19
69
2
2
826
0.1
0.6
0.3
1
14%
1/1
100%
0/1
0%
2/8
0/6
0
2
0
0
2
76.7
1
1.1
54.3
28.3
26.5
2.3
2.5
0.6
7
0.7
1.2
0.5
0.9
1.4
0
0
0
0.5
3.9
2.1
1.8
11.0
0.7
0.4
0.2
2
0
0
23
15
63
0
1
1443
0.0
0.5
0.1
1
8%
0
0%
0
0%
1/11
0/1
1
0
0
0
0
58.6
1
0.2
42.0
22.9
19.2
1.8
1.6
0.1
4
0.8
1.0
0.2
0.3
1.7
1
0
0
0.3
2.3
1.6
0.7
7.4
0.3
0.3
0.0
2
0
0
28
21
60
1
3
562
0.1
0.8
0.3
2
14%
0
0%
0
0%
3/18
0/3
1
0
2
1
1
51.0
3
0.4
26.6
12.0
15.0
1.7
2.2
0.4
5
0.8
1.6
0.2
0.6
1.1
2
0
0
0.5
4.8
2.8
2.0
11.1
1.4
0.8
0.1
5
0
0
29
25
81
3
4
590
0.1
0.8
0.2
2
17%
0
0%
0
0%
4/23
0
3
0
1
1
1
83.6
2
0.3
63.0
35.7
27.4
2.4
2.3
0.1
11
1.4
1.4
0.1
0.5
2.4
0
0
0
0.3
6.0
2.1
3.9
10.3
0.6
0.5
0.1
4
0
0
27
21
69
0
1
1856
0.0
0.3
0.1
1
14%
0
0%
0
0%
1/3
0/4
0
0
1
0
1
61.4
1
0.5
40.7
18.9
21.9
1.2
1.2
0.1
1.1
1.3
0.5
0.5
1.0
0
0
0
0.6
3.7
2.9
0.8
9.8
1.1
1.1
0.1
3
0
0
29
20
53
1
7
221
0.2
1.2
0.6
2
20%
2/3
67%
0/2
0%
6/26
1/9
1
1
5
2
4
29.2
9
1.2
15.5
3.8
12.2
0.4
0.5
0.5
0.4
0.4
0.2
0.8
0.1
0
0
0
0.7
2.2
1.9
0.3
7.7
0.5
0.9
0.2
0
0
0
27
24
72
0
0
0
0.0
0.5
0.0
2
0%
0
0%
0
0%
0/2
0/12
0
0
0
0
1
61.4
3
0.6
46.1
20.8
25.3
1.7
2.0
0.0
1.1
1.4
0.4
0.6
0.5
0
0
1
0.6
3.4
2.9
0.5
7.3
1.7
0.9
0.0
6
0
0
27
24
75
2
8
254
0.3
2.2
1.0
2
13%
4/4
100%
0/5
0%
7/17
1/43
0
0
8
0
3
61.9
7
1.1
37.8
13.9
24.2
2.6
3.2
0.3
1.3
1.1
0.7
0.9
1.0
0
0
0
0.6
3.5
2.9
0.6
13.4
0.8
1.3
0.3
8
0
0
27
14
50
1
5
270
0.2
1.7
0.6
8
11%
0
0%
0
0%
4/37
1/8
1
1
3
1
4
26.3
3
0.5
11.6
3.9
7.7
0.3
0.6
0.0
0.2
0.4
0.5
0.6
0.5
0
0
0
1.0
3.9
2.4
1.5
7.7
0.8
1.1
0.3
1
0
0
29
13
50
2
5
288
0.2
1.6
0.6
6
11%
0/1
0%
0
0%
5/43
0/4
2
3
0
1
3
24.7
2
1.0
11.2
2.7
8.6
0.1
0.1
0.1
0.1
0.2
0.4
0.4
0.4
0
0
0
0.8
4.1
1.3
2.8
7.9
0.9
0.2
0.2
2
0
0