31
31
90
0
1.5
0/6
3.2
0.2
46
42
4
99
61
36
0
20
0
0
0.0
0.1
0.0
0
0%
0
0%
0
0%
0/1
0/1
0
0
0
0
0
40.4
1
0.0
17.0
13.6
3.4
5.3
0.9
0.0
5
0.1
0.0
0.0
0.1
0.7
1
1
0
0.0
0.5
0.2
0.3
11.5
0.0
0.2
0.0
2
0
0
16
16
80
3
1
1272
0.1
0.5
0.1
0
13%
0
0%
0
0%
1/6
0/2
1
0
0
0
1
48.6
1
0.2
27.2
20.6
6.6
1.9
1.1
0.0
3
1.7
1.5
0.0
0.6
4.6
1
0
0
0.0
6.2
1.9
4.3
10.2
1.7
0.4
0.1
6
0
0
21
16
68
0
2
717
0.1
0.5
0.1
0
20%
2/2
100%
0/3
0%
2/4
0/6
0
0
2
0
1
48.6
3
1.3
18.7
9.6
10.2
1.9
1.5
1.1
3
0.7
0.9
0.2
0.9
1.3
0
0
0
0.3
1.8
1.4
0.4
17.1
0.3
0.1
0.0
0
0
0
21
14
65
0
1
1367
0.0
0.3
0.1
0
14%
0
0%
0
0%
1/7
0
1
0
0
0
0
45.1
1
0.3
25.3
16.9
8.4
2.7
2.0
0.0
1
2.0
1.5
0.0
0.6
4.3
0
2
1
0.3
4.7
2.4
2.2
8.3
0.7
0.6
0.0
2
0
0
20
19
84
0
1
1675
0.1
0.3
0.1
1
14%
0
0%
0
0%
0/3
1/4
0
0
1
0
2
41.5
2
0.8
13.7
6.2
8.7
1.6
0.9
1.2
2
1.2
1.8
0.1
0.9
1.4
0
0
1
0.8
3.7
3.2
0.5
14.4
1.4
0.7
0.1
3
0
0
29
27
80
1
2
1155
0.1
1.1
0.4
7
6%
0
0%
0
0%
1/25
1/8
0
0
2
0
2
38.2
5
0.6
15.3
6.8
8.7
0.8
0.3
0.1
2.0
2.0
0.5
1.0
1.8
0
0
2
0.2
5.4
3.7
1.7
10.6
2.2
1.6
0.0
5
0
0
24
16
64
1
1
1526
0.0
0.9
0.2
3
5%
0
0%
0/1
0%
1/6
0/15
1
0
0
0
1
41.2
2
0.3
21.7
9.3
12.4
1.2
1.1
0.0
1.5
2.4
0.6
1.0
1.0
0
0
0
0.3
5.1
3.7
1.4
9.9
1.5
1.0
0.0
4
0
0
29
21
62
0
0
0
0.0
0.8
0.3
2
0%
0
0%
0
0%
0/12
0/10
0
0
0
0
2
36.2
1
0.9
17.3
8.9
8.8
1.1
1.0
0.4
0.9
1.5
0.8
1.6
0.7
0
0
0
0.6
4.0
3.0
1.0
10.0
1.1
1.0
0.0
8
0
0
28
18
53
1
6
248
0.2
1.3
0.6
4
17%
1/1
100%
0/1
0%
6/22
0/13
2
2
2
0
2
19.2
5
0.4
7.5
2.3
5.2
0.4
0.3
0.0
0.5
0.5
0.4
0.3
0.3
0
0
0
0.6
2.3
1.6
0.8
6.7
0.8
0.4
0.1
1
0
0
31
23
67
1
2
1037
0.1
0.9
0.3
3
7%
0
0%
0
0%
1/12
1/17
0
0
2
0
4
38.0
11
1.1
17.6
5.9
11.9
1.2
0.9
0.3
1.1
1.4
0.6
1.0
0.3
0
0
0
0.8
3.9
3.4
0.5
11.3
0.9
1.2
0.0
5
0
0
29
16
48
0
2
698
0.1
1.0
0.3
4
7%
0
0%
0
0%
1/25
1/4
0
1
1
2
0
24.5
4
0.5
8.9
3.3
5.6
0.5
0.3
0.0
0.3
0.9
0.5
0.3
0.4
0
0
0
0.7
3.8
3.1
0.7
7.8
0.9
1.5
0.1
0
0
0
