22
22
85
3
2.3
1/4
4.4
0.1
50
42
8
97
66
29
4
26
0
0
0.0
0.0
0.0
0
0%
0
0%
0
0%
0/1
0
0
0
0
0
0
44.2
0
0.1
18.9
15.7
3.2
5.5
2.0
0.0
3
0.0
0.1
0.0
0.0
1.0
0
3
0
0.0
0.5
0.1
0.4
13.3
0.0
0.1
0.0
2
0
0
20
18
82
0
0
0
0.0
0.3
0.1
0
0%
0
0%
0
0%
0/2
0/3
0
0
0
0
0
51.9
1
0.1
25.3
17.8
7.7
1.4
1.4
0.2
4
1.1
1.7
0.3
0.5
2.4
0
0
0
0.8
3.9
2.9
0.9
12.8
0.5
0.5
0.0
1
0
0
27
20
71
0
0
0
0.0
0.3
0.0
0
0%
0
0%
0
0%
0/2
0/6
0
0
0
0
2
50.9
1
0.9
25.1
14.8
11.1
1.4
1.8
0.8
0
0.9
1.2
0.1
0.5
1.5
0
0
0
0.3
2.7
2.1
0.6
11.7
0.5
0.6
0.0
1
0
0
24
22
81
0
0
0
0.0
0.1
0.0
0
0%
0
0%
0
0%
0/1
0/1
0
0
0
0
2
57.0
0
0.3
31.6
18.8
12.8
2.9
3.6
0.0
3
2.0
1.9
0.3
0.9
1.8
0
1
0
0.7
4.7
3.3
1.4
13.8
0.9
0.7
0.1
5
0
0
19
15
76
1
1
1449
0.1
0.4
0.2
0
13%
0
0%
0
0%
1/8
0
1
0
0
0
0
52.1
0
0.1
30.8
24.4
6.4
1.8
1.3
0.0
3
1.7
2.2
0.0
0.6
3.7
0
0
0
0.1
4.6
2.7
1.9
8.9
1.4
0.4
0.1
3
1
1
28
25
75
3
2
1056
0.1
0.8
0.2
2
9%
0
0%
0/1
0%
2/7
0/15
0
1
1
2
5
48.1
6
1.8
21.8
8.2
14.4
1.0
0.9
0.9
0.6
0.8
0.4
0.5
0.2
1
0
0
3.2
7.0
6.8
0.2
14.7
1.0
2.8
0.3
4
0
0
24
21
74
1
1
1768
0.0
0.4
0.1
0
10%
0
0%
0/1
0%
1/2
0/8
0
0
1
0
1
48.1
1
0.2
30.1
19.1
11.1
3.2
2.4
0.1
1.5
1.7
0.2
1.4
1.3
1
0
0
0.3
3.5
2.4
1.2
8.5
1.1
0.4
0.0
6
0
0
19
10
50
0
0
0
0.0
0.5
0.1
0
0%
0
0%
0
0%
0/4
0/6
0
0
0
0
0
27.7
0
0.2
13.8
6.7
7.2
0.2
0.4
0.1
0.3
0.6
0.2
0.3
0.2
0
0
0
0.6
2.2
1.9
0.3
7.6
0.6
0.7
0.2
0
0
0
25
24
78
0
1
1958
0.0
1.3
0.4
0
3%
0
0%
0
0%
1/16
0/16
0
0
1
1
2
41.1
2
0.6
18.2
8.6
9.6
1.6
1.0
0.0
0.9
2.2
0.4
1.4
0.8
0
0
0
1.6
6.2
5.6
0.6
11.1
1.1
1.9
0.0
3
0
0
22
15
60
2
6
220
0.3
0.9
0.4
2
30%
0
0%
0
0%
6/19
0/1
0
2
4
0
1
19.1
1
0.4
7.9
3.8
4.1
0.1
0.0
0.0
0.2
0.3
0.2
0.5
0.6
0
0
0
0.6
2.6
1.5
1.1
6.7
1.0
0.7
0.4
3
0
0
25
13
50
0
2
624
0.1
1.0
0.3
2
8%
0
0%
0/1
0%
2/14
0/12
0
0
2
0
0
20.6
2
0.6
7.9
3.2
5.0
0.7
0.4
0.3
0.2
0.8
0.3
0.9
0.2
0
0
0
0.5
2.0
1.7
0.3
7.1
0.6
0.5
0.2
2
0
0
