33
33
90
5
1.6
2/7
3.2
0.2
54
51
3
106
74
30
2
21
0
0
0.0
0.0
0.0
0
0%
0
0%
0
0%
0
0
0
0
0
0
0
41.8
0
0.0
24.4
21.6
2.8
4.6
0.8
0.0
5
0.1
0.1
0.0
0.0
0.6
1
0
0
0.0
0.4
0.2
0.1
6.5
0.0
0.2
0.0
0
0
0
31
30
87
0
0
0
0.0
0.4
0.2
1
0%
0
0%
0
0%
0/10
0/2
0
0
0
0
1
80.5
1
0.3
57.9
43.5
14.5
3.1
1.8
0.1
4
1.5
1.0
0.1
0.6
3.5
0
0
1
0.4
4.1
2.5
1.6
10.2
0.8
1.1
0.0
3
0
0
33
33
90
1
3
985
0.1
0.8
0.4
2
11%
0
0%
0
0%
2/12
1/16
0
1
2
1
3
71.9
2
0.8
46.0
26.0
20.0
2.2
2.2
0.0
3
1.5
2.0
0.4
1.3
1.7
0
0
0
1.2
6.8
4.7
2.1
12.9
1.4
1.6
0.0
5
0
0
32
32
85
4
2
1367
0.1
0.5
0.2
1
12%
0
0%
0
0%
2/12
0/5
1
1
0
0
1
72.6
0
0.3
46.7
27.9
18.8
3.8
4.1
0.1
5
2.1
1.5
0.1
0.6
2.9
1
0
1
0.6
6.2
3.3
2.9
12.2
1.1
1.2
0.0
5
0
0
26
25
79
3
0
0
0.0
0.5
0.2
0
0%
0
0%
0/2
0%
0/8
0/6
0
0
0
0
9
60.7
10
2.2
26.4
12.0
16.3
1.0
1.3
1.9
4
1.2
0.5
0.2
0.7
2.5
0
0
1
1.0
2.8
2.1
0.7
17.2
0.7
0.5
0.1
2
0
0
26
23
67
1
4
436
0.2
1.2
0.4
3
13%
0
0%
0/2
0%
2/16
2/14
0
0
4
0
2
43.5
3
1.7
23.4
8.2
16.3
1.3
0.8
1.1
0.3
0.8
0.7
0.6
0.4
0
0
0
0.8
2.5
2.2
0.4
11.8
0.6
0.6
0.0
9
0
0
23
10
42
0
4
243
0.2
1.0
0.3
1
17%
0
0%
0/4
0%
3/14
1/9
0
4
0
0
3
23.6
5
1.1
12.3
2.9
9.6
0.7
0.7
0.2
0.1
0.7
0.3
0.2
0.3
0
0
0
0.2
2.0
1.5
0.5
6.7
0.7
0.6
0.2
2
0
0
33
23
65
3
16
134
0.5
2.1
0.9
9
24%
0
0%
0
0%
16/57
0/11
8
3
5
1
5
31.0
5
0.8
13.8
5.0
8.7
0.3
0.5
0.0
0.3
0.5
0.4
0.5
0.6
0
0
0
0.5
4.8
1.9
2.9
10.4
0.9
1.1
0.1
1
0
0
25
12
48
0
1
1204
0.0
1.4
0.4
2
3%
0
0%
0
0%
1/20
0/14
0
1
0
2
1
21.0
1
0.6
9.7
3.1
6.7
0.5
0.4
0.0
0.1
0.8
0.2
0.5
0.0
0
0
0
0.9
2.5
2.4
0.2
6.2
0.6
0.7
0.0
1
0
0
31
17
49
1
2
756
0.1
0.8
0.3
3
8%
0
0%
0/1
0%
2/20
0/6
0
2
0
0
1
26.3
5
0.5
10.0
3.7
6.5
0.2
0.3
0.2
0.3
0.8
0.5
0.4
0.3
0
0
0
1.6
3.5
3.0
0.5
8.4
1.0
0.6
0.3
2
0
0
12
10
61
0
2
367
0.2
1.4
0.8
2
12%
0
0%
0
0%
2/11
0/6
0
1
1
0
0
30.8
1
1.0
11.3
4.9
6.8
0.2
0.3
0.3
0.0
0.8
0.1
0.9
0.3
0
0
0
1.2
2.6
2.3
0.3
9.7
0.7
0.3
0.3
0
0
0
