31
31
89
1
1.4
1/5
2.9
0.1
42
38
4
91
68
23
1
20
0
0
0.0
0.0
0.0
0
0%
0
0%
0
0%
0
0
0
0
0
0
0
41.1
0
0.0
22.7
18.0
4.7
6.9
1.0
0.0
5
0.0
0.0
0.0
0.1
0.4
2
1
1
0.0
0.5
0.2
0.4
10.7
0.0
0.1
0.0
1
0
0
34
34
90
3
5
612
0.1
0.7
0.2
2
20%
0
0%
0
0%
5/22
0/3
4
0
1
0
2
65.6
3
0.4
42.2
28.8
13.5
4.4
3.0
0.1
7
1.5
1.4
0.3
0.4
2.9
0
0
1
0.4
5.0
2.3
2.6
12.3
0.7
0.6
0.1
1
0
0
34
34
90
2
1
3043
0.0
0.4
0.1
1
8%
0
0%
0
0%
1/12
0
1
0
0
0
0
72.4
0
0.1
51.6
39.5
12.1
4.7
2.0
0.0
7
1.4
1.3
0.1
0.5
3.4
1
1
1
0.2
3.9
1.9
2.1
10.6
1.1
0.4
0.1
4
0
0
27
27
84
1
0
0
0.0
0.6
0.2
1
0%
0
0%
0
0%
0/8
0/8
0
0
0
0
3
61.1
5
0.7
26.5
14.7
12.4
2.1
1.7
0.7
2
1.3
2.7
0.3
1.3
1.6
0
0
0
0.7
5.3
4.2
1.1
16.1
1.0
0.7
0.1
3
0
0
31
30
83
2
1
2580
0.0
0.3
0.1
0
13%
0
0%
0
0%
1/3
0/5
0
0
1
1
9
61.1
6
2.0
25.1
14.2
12.9
2.4
1.9
2.0
4
1.6
1.6
0.3
0.8
2.9
0
0
0
0.3
3.3
2.3
1.0
16.3
1.0
0.4
0.1
9
0
0
29
29
87
0
5
506
0.2
1.4
0.3
1
12%
0
0%
1/4
25%
1/9
4/32
0
2
3
0
2
62.8
3
0.7
38.8
22.2
16.6
2.5
1.9
0.0
1.8
1.8
0.4
1.0
1.1
1
1
0
0.7
5.2
3.5
1.7
12.7
1.7
1.2
0.1
5
0
1
27
23
68
1
1
1825
0.0
0.4
0.1
2
10%
0
0%
0
0%
1/5
0/5
0
1
0
0
0
32.0
0
0.2
17.2
10.5
6.8
0.8
1.0
0.1
1.1
1.1
0.1
0.4
1.7
0
0
1
0.1
3.3
1.8
1.5
8.0
0.9
0.7
0.0
5
0
0
22
13
47
0
0
0
0.0
0.3
0.0
0
0%
0
0%
0
0%
0/4
0/3
0
0
0
0
0
27.9
1
0.4
16.3
7.4
9.0
1.0
1.0
0.1
0.8
0.8
0.2
0.6
0.7
0
0
0
0.4
2.0
1.8
0.2
6.6
0.4
0.7
0.1
0
0
0
24
8
37
0
0
0
0.0
0.2
0.0
1
0%
0
0%
0
0%
0/3
0/1
0
0
0
1
0
13.9
0
0.0
6.8
3.5
3.3
0.3
0.3
0.0
0.2
0.8
0.1
0.5
0.3
0
0
0
0.0
1.8
1.1
0.7
3.6
0.7
0.3
0.1
3
0
0
30
24
66
0
3
657
0.1
1.3
0.5
2
8%
0/1
0%
0/3
0%
3/22
0/16
0
3
0
1
5
33.4
2
0.7
15.0
6.7
8.7
0.6
0.4
0.4
0.6
0.6
0.3
0.6
0.3
0
0
1
0.5
3.4
2.0
1.3
11.3
1.5
1.0
0.2
4
0
0
24
5
31
0
3
249
0.1
1.0
0.4
3
13%
0
0%
0
0%
3/18
0/6
0
0
3
0
1
14.6
2
0.4
5.2
1.7
3.6
0.3
0.1
0.1
0.2
0.3
0.3
0.5
0.2
0
0
0
0.3
1.4
1.2
0.3
4.8
0.6
0.6
0.1
2
0
0
