32
32
90
3
1.0
2/5
2.4
0.4
33
31
2
76
50
26
2
11
0
0
0.0
0.0
0.0
0
0%
0
0%
0
0%
0
0
0
0
0
0
0
43.4
0
0.0
24.6
19.7
4.9
7.7
1.5
0.0
14
0.1
0.0
0.0
0.0
0.7
1
1
1
0.0
0.4
0.1
0.4
9.5
0.0
0.1
0.0
0
0
0
30
29
86
2
1
2591
0.0
0.5
0.1
2
6%
0
0%
0
0%
1/16
0
1
0
0
0
1
74.0
0
0.1
49.1
34.7
14.4
4.3
2.2
0.0
12
2.2
1.6
0.0
0.7
4.5
0
1
0
0.4
5.0
3.0
2.0
11.2
0.8
0.9
0.0
5
0
0
22
19
75
2
0
0
0.0
0.5
0.2
0
0%
0
0%
0
0%
0/9
0/2
0
0
0
0
1
62.9
1
0.6
24.9
11.5
14.0
1.6
1.3
0.7
7
1.0
2.3
0.7
0.5
2.5
1
0
0
1.6
6.4
4.8
1.5
18.6
2.0
0.9
0.0
7
0
0
20
14
62
0
0
0
0.0
0.6
0.1
2
0%
0
0%
0
0%
0/4
0/7
0
0
0
0
2
43.9
4
0.8
19.7
10.0
10.1
1.4
1.4
0.4
1
0.9
1.2
0.1
0.5
1.3
0
0
0
0.9
3.4
2.8
0.6
11.3
0.5
0.8
0.0
0
0
0
14
12
78
0
0
0
0.0
0.5
0.0
0
0%
0
0%
0
0%
0/7
0
0
0
0
0
0
68.3
1
0.2
49.1
34.1
15.1
4.6
2.9
0.1
4
1.7
0.9
0.1
0.8
3.6
0
0
1
0.3
4.1
1.9
2.2
9.1
0.2
0.7
0.0
1
0
0
30
30
86
5
3
863
0.1
1.8
0.5
0
5%
0
0%
1/12
8%
1/3
2/52
0
3
0
0
6
69.4
5
1.6
42.3
20.4
23.3
5.2
3.0
1.4
1.6
1.6
0.7
1.0
1.8
0
0
1
0.6
5.5
4.1
1.4
13.1
1.3
2.1
0.0
7
0
1
34
33
84
1
6
477
0.2
1.0
0.4
3
17%
0
0%
0
0%
3/18
3/17
1
3
2
0
6
61.7
5
1.3
27.7
12.4
15.9
1.5
1.3
0.6
1.3
1.6
0.9
1.0
0.9
0
1
0
1.1
4.5
4.0
0.5
16.6
1.0
1.3
0.3
1
0
0
11
7
57
0
0
0
0.0
0.5
0.0
0
0%
0
0%
0
0%
0/3
0/2
0
0
0
0
0
41.5
2
0.3
21.5
12.0
9.9
0.8
0.7
0.4
1.0
0.9
0.1
0.3
0.8
0
0
0
0.5
3.3
2.1
1.2
10.5
0.5
0.7
0.0
0
0
0
32
30
82
2
2
1317
0.1
1.5
0.1
2
4%
0
0%
0
0%
1/13
1/35
0
1
1
1
4
55.5
9
0.8
29.9
13.2
16.7
1.9
2.0
0.0
1.7
2.1
0.7
1.4
1.1
0
0
0
1.3
5.6
4.4
1.2
13.3
1.4
1.0
0.0
7
0
0
29
22
63
2
7
260
0.2
1.6
0.7
2
15%
0
0%
2/2
100%
4/23
3/24
0
0
7
0
3
40.5
5
1.3
21.1
6.7
15.1
1.1
1.2
0.7
0.6
0.8
0.5
0.7
0.1
0
1
0
1.0
2.7
2.3
0.3
11.7
0.3
0.6
0.1
1
0
0
34
33
87
6
20
147
0.6
2.7
1.4
18
22%
2/3
67%
0
0%
20/83
0/10
5
1
14
0
8
34.2
10
1.3
15.3
5.1
10.2
0.6
0.5
0.0
0.1
0.4
0.8
0.5
0.8
0
0
0
0.5
4.5
1.7
2.8
11.5
0.9
0.8
1.1
3
0
0
