34
34
90
1
1.7
2/6
3.1
0.2
57
52
5
106
71
32
0
25
0
0
0.0
0.0
0.0
0
0%
0
0%
0
0%
0
0
0
0
0
0
0
38.7
0
0.0
20.2
15.9
4.4
7.2
2.6
0.0
6
0.0
0.1
0.0
0.0
0.9
1
3
1
0.0
0.4
0.1
0.3
8.7
0.1
0.1
0.0
2
0
0
23
21
85
2
0
0
0.0
0.7
0.2
0
0%
0
0%
0/3
0%
0/9
0/7
0
0
0
0
4
62.2
4
1.8
23.7
12.2
13.7
1.1
1.6
2.3
3
0.9
1.6
0.1
0.5
2.3
0
0
1
0.3
5.0
3.0
2.0
19.3
0.7
1.1
0.1
4
0
0
32
31
87
0
0
0
0.0
0.3
0.0
0
0%
0
0%
0
0%
0/2
0/6
0
0
0
0
0
66.0
0
0.3
41.5
26.9
14.7
5.5
4.5
0.2
5
1.7
1.6
0.1
1.0
3.4
1
0
0
0.4
3.8
2.9
0.9
12.0
1.0
0.9
0.0
6
0
0
26
24
75
0
2
973
0.1
0.4
0.2
0
20%
0
0%
0
0%
2/9
0/1
1
0
1
0
0
52.7
0
0.0
33.8
24.2
9.7
1.5
1.2
0.0
3
1.4
0.9
0.0
0.5
4.4
0
1
0
0.2
4.1
2.0
2.1
8.6
0.7
1.0
0.1
1
0
0
23
19
75
1
0
0
0.0
0.1
0.0
1
0%
0
0%
0
0%
0/2
0/1
0
0
0
0
0
46.8
0
0.0
27.7
19.3
8.3
3.8
2.8
0.0
4
1.3
1.0
0.0
0.7
3.9
1
0
0
0.0
2.8
1.3
1.5
10.0
0.3
0.3
0.0
1
0
0
27
19
56
0
4
381
0.1
1.6
0.4
1
9%
1/1
100%
0/7
0%
4/18
0/25
0
1
3
1
1
36.3
0
0.6
16.1
7.9
9.0
0.6
1.0
0.7
0.5
2.1
0.5
1.3
0.3
0
0
0
0.5
4.4
4.0
0.4
10.7
1.0
1.3
0.3
3
0
0
33
33
89
1
2
1471
0.1
0.7
0.2
0
9%
0
0%
0
0%
2/5
0/17
0
2
0
0
5
53.5
6
0.9
30.9
13.5
17.5
1.7
2.1
0.1
1.3
1.7
0.5
0.8
1.0
0
0
0
0.4
4.4
3.2
1.1
12.3
0.9
1.2
0.0
5
0
0
23
17
64
0
0
0
0.0
0.3
0.0
0
0%
0
0%
0
0%
0/2
0/5
0
0
0
0
1
46.5
1
0.3
32.0
21.7
10.3
1.5
1.1
0.0
1.0
1.9
0.1
1.0
1.5
0
0
0
0.4
3.7
3.0
0.8
6.6
1.1
0.7
0.0
6
1
1
27
17
58
0
5
315
0.2
0.9
0.3
1
22%
0
0%
0/1
0%
3/6
2/17
1
0
4
0
1
44.4
1
0.4
30.2
17.6
12.9
1.4
1.4
0.2
1.2
0.6
0.2
0.5
0.6
0
2
1
0.3
2.8
1.9
0.9
7.7
0.7
1.2
0.0
2
1
1
24
7
31
0
0
0
0.0
0.4
0.2
0
0%
0
0%
0
0%
0/7
0/3
0
0
0
0
1
16.0
3
0.4
6.6
2.3
4.5
0.3
0.3
0.1
0.2
0.5
0.3
0.3
0.3
0
0
0
0.5
2.5
1.5
0.9
5.3
0.6
0.5
0.2
3
0
0
32
30
79
0
5
504
0.2
1.4
0.7
5
11%
0
0%
0
0%
4/34
1/10
1
0
4
0
2
31.9
7
1.0
12.6
5.0
7.7
0.2
0.4
0.1
0.5
1.0
0.3
0.4
1.1
0
0
0
0.8
5.0
3.0
2.0
9.4
1.0
1.3
0.2
7
0
0
