38
38
90
0
1.5
1/8
2.2
0.1
58
54
4
85
48
34
0
28
0
0
0.0
0.0
0.0
0
0%
0
0%
0
0%
0
0
0
0
0
0
0
30.2
0
0.0
11.4
8.6
2.8
4.4
1.1
0.0
9
0.1
0.0
0.0
0.0
0.8
0
1
2
0.0
0.5
0.2
0.3
9.1
0.1
0.3
0.0
1
0
0
35
32
77
1
3
901
0.1
0.7
0.2
0
13%
3/3
100%
0/3
0%
3/8
0/16
0
3
0
0
3
69.4
3
1.2
47.8
22.7
25.7
4.6
5.5
0.7
6
1.1
1.5
0.3
1.7
1.1
0
0
0
0.3
3.1
2.4
0.7
13.1
0.5
0.7
0.0
3
0
0
34
34
89
1
4
757
0.1
0.4
0.2
2
29%
0
0%
0
0%
3/13
1/1
2
2
0
0
0
60.2
0
0.1
41.7
31.2
10.5
4.9
2.6
0.0
8
1.5
1.4
0.0
0.4
3.8
0
0
1
0.1
4.9
2.0
2.9
8.1
1.1
0.6
0.1
4
1
1
34
34
88
1
3
998
0.1
0.4
0.1
0
25%
0
0%
0
0%
3/12
0
1
0
2
0
3
60.8
1
0.3
42.9
30.9
12.0
2.6
1.9
0.0
7
1.2
0.9
0.0
0.5
3.0
0
0
0
0.4
2.7
1.6
1.1
9.1
0.6
0.3
0.0
3
0
0
33
33
83
2
7
391
0.2
2.0
0.9
1
11%
1/1
100%
1/7
14%
6/32
1/34
1
0
6
0
4
69.4
6
1.7
38.0
14.6
24.3
2.1
1.3
0.9
0.5
0.7
0.5
0.7
0.3
0
0
0
2.5
7.8
7.1
0.7
17.7
0.9
4.0
0.1
4
0
0
27
25
85
0
0
0
0.0
0.2
0.1
0
0%
0
0%
0
0%
0/2
0/4
0
0
0
0
0
68.8
1
0.4
38.5
21.9
16.9
2.4
2.8
0.3
5
1.3
1.6
0.4
1.2
2.0
0
0
1
0.4
3.0
2.4
0.5
13.4
0.6
0.6
0.0
4
0
0
22
8
43
0
1
940
0.0
0.5
0.2
2
10%
0
0%
0
0%
1/6
0/4
0
0
1
0
1
28.7
3
0.5
14.0
5.7
8.5
0.8
0.6
0.2
0.5
1.2
0.2
1.1
0.1
0
0
0
1.1
2.8
2.8
0.0
8.9
0.7
0.5
0.0
1
0
0
14
9
53
0
1
736
0.1
0.9
0.4
3
8%
0
0%
0/2
0%
1/9
0/4
0
1
0
2
0
35.1
0
0.2
14.6
6.1
8.5
0.6
0.6
0.0
0.2
1.2
0.2
1.4
0.0
0
0
0
2.4
5.6
5.2
0.4
11.9
1.6
1.6
0.0
2
0
0
3
0
13
0
0
0
0.0
0.0
0.0
0
0%
0
0%
0
0%
0
0
0
0
0
0
0
8.0
0
0.0
6.0
4.0
2.0
0.0
0.0
0.0
0.3
0.0
0.0
0.0
0.0
0
0
0
0.0
0.3
0.3
0.0
1.0
0.3
0.3
0.0
1
0
0
36
20
49
0
5
352
0.1
0.8
0.4
3
17%
1/1
100%
0
0%
4/22
1/7
0
1
4
1
1
18.7
3
0.5
6.4
2.3
4.3
0.1
0.1
0.2
0.1
0.4
0.1
0.4
0.4
0
0
0
0.4
3.0
1.7
1.3
7.6
0.6
1.0
0.1
2
0
0
35
24
59
1
3
687
0.1
0.8
0.1
1
10%
0
0%
0/1
0%
3/13
0/16
0
3
0
0
3
43.7
2
0.7
25.1
12.0
13.4
1.0
0.7
0.3
1.3
1.5
0.3
1.4
0.9
0
0
1
0.6
3.8
2.5
1.3
9.1
0.9
0.5
0.1
2
0
0