35
35
90
6
1.8
1/10
3.2
0.1
62
52
10
112
68
41
1
25
0
0
0.0
0.0
0.0
0
0%
0
0%
0
0%
0
0
0
0
0
0
0
41.1
0
0.0
23.7
20.0
3.7
6.6
2.0
0.0
6
0.0
0.0
0.0
0.0
0.8
2
1
1
0.0
0.4
0.2
0.2
7.3
0.0
0.2
0.0
2
0
0
33
30
83
3
3
908
0.1
0.6
0.3
2
14%
0
0%
0
0%
3/18
0/3
1
1
1
0
1
63.7
2
0.2
41.8
30.7
11.1
4.9
3.5
0.0
6
1.9
1.5
0.1
0.4
4.5
0
0
1
0.2
4.7
2.3
2.4
9.6
0.9
0.7
0.0
3
0
1
29
28
80
1
1
2314
0.0
0.3
0.1
0
13%
0
0%
0
0%
1/4
0/4
1
0
0
1
0
60.3
1
0.6
32.2
17.7
14.9
2.0
1.3
0.4
3
1.0
2.1
0.2
0.6
1.8
0
0
0
1.2
5.0
4.2
0.7
10.8
0.9
1.0
0.1
4
0
0
27
22
75
0
1
2025
0.0
0.4
0.0
0
10%
0
0%
0
0%
1/9
0/1
1
0
0
0
0
60.3
2
0.1
41.4
27.6
13.9
5.0
3.3
0.0
4
1.1
1.4
0.0
0.6
2.5
0
0
2
0.7
4.0
2.6
1.4
9.3
0.8
0.6
0.0
4
0
0
16
15
86
1
0
0
0.0
0.4
0.0
0
0%
0
0%
0
0%
0/6
0
0
0
0
0
0
66.1
0
0.2
48.8
34.6
14.2
5.4
2.6
0.0
2
1.9
1.2
0.0
0.1
2.5
0
2
0
0.3
4.7
2.3
2.4
7.6
1.2
1.0
0.1
4
0
0
36
35
87
4
3
1049
0.1
1.3
0.3
3
7%
0
0%
0/6
0%
2/19
1/26
0
3
0
0
7
70.1
5
1.0
34.4
18.2
17.2
2.3
1.8
1.1
1.3
1.7
0.3
0.6
1.8
0
0
1
0.9
4.7
3.9
0.8
14.7
1.3
1.5
0.1
4
0
0
36
33
81
4
6
483
0.2
1.8
0.6
5
10%
1/1
100%
1/8
13%
5/30
1/33
0
5
1
0
5
57.6
11
1.8
31.1
11.6
20.7
1.5
1.2
1.2
0.8
1.5
0.8
0.9
0.4
0
0
1
2.5
6.4
5.9
0.4
13.1
1.0
2.0
0.0
0
0
0
35
33
78
0
0
0
0.0
0.2
0.0
0
0%
0
0%
0
0%
0/1
0/5
0
0
0
0
0
51.3
1
0.3
35.1
18.9
16.2
2.1
1.0
0.0
1.6
2.0
0.4
1.0
0.9
0
0
1
0.7
4.2
3.5
0.7
7.3
1.1
0.9
0.0
7
0
1
22
19
77
0
0
0
0.0
0.2
0.0
1
0%
0
0%
0
0%
0/3
0/2
0
0
0
0
0
59.2
0
0.3
42.0
26.9
15.2
2.2
0.8
0.0
2.1
2.1
0.3
1.0
0.7
1
1
1
0.2
4.1
3.1
1.0
8.1
1.2
0.8
0.0
4
0
1
36
17
44
1
6
261
0.2
1.0
0.4
5
17%
1/1
100%
1/3
33%
5/28
1/7
0
3
3
0
1
27.9
5
0.6
14.5
5.0
9.7
0.5
0.6
0.2
0.3
0.7
0.4
0.6
0.5
0
0
0
0.9
3.0
2.1
0.9
7.3
0.7
0.6
0.3
4
0
0
36
22
56
0
8
254
0.2
1.5
0.5
11
15%
0
0%
0/1
0%
8/49
0/6
3
0
5
1
1
21.4
0
0.6
8.6
3.4
5.4
0.5
0.3
0.2
0.3
0.3
0.4
0.5
0.6
2
0
0
0.3
1.6
1.0
0.6
7.7
0.4
0.4
0.4
2
0
0