38
38
90
1
1.5
1/8
2.7
0.2
56
49
7
103
65
36
0
21
0
0
0.0
0.0
0.0
0
0%
0
0%
0
0%
0
0
0
0
0
0
0
39.3
0
0.0
20.9
16.3
4.7
8.8
3.7
0.0
14
0.0
0.0
0.0
0.1
0.8
0
0
0
0.1
0.3
0.1
0.2
10.3
0.0
0.1
0.0
0
0
0
33
33
88
1
1
2915
0.0
0.4
0.1
0
8%
0
0%
0
0%
1/5
0/8
0
0
1
0
2
73.3
1
0.8
40.1
22.0
18.4
1.1
1.5
0.3
11
1.5
1.4
0.5
0.5
1.2
2
0
1
1.2
4.7
3.9
0.8
13.4
1.0
1.3
0.1
4
0
0
31
29
84
0
2
1309
0.1
0.4
0.1
1
18%
0
0%
0
0%
2/10
0/1
2
0
0
0
2
65.2
1
0.3
48.2
35.1
13.2
3.6
2.1
0.1
11
1.7
1.1
0.0
0.2
3.9
1
0
1
0.1
3.8
1.6
2.2
7.1
0.7
0.5
0.0
3
1
1
31
30
86
0
0
0
0.0
0.3
0.0
0
0%
0
0%
0
0%
0/7
0/1
0
0
0
0
0
67.0
1
0.5
42.4
25.5
17.1
2.0
1.0
0.3
12
1.4
1.4
0.3
0.8
2.1
0
0
1
0.1
3.3
1.9
1.4
9.9
1.3
0.5
0.1
7
0
1
26
25
85
3
0
0
0.0
0.2
0.0
1
0%
0
0%
0
0%
0/6
0
0
0
0
1
2
63.2
2
0.3
46.0
34.6
11.4
3.8
1.9
0.0
8
2.1
1.1
0.1
0.3
4.4
0
1
0
0.1
4.2
2.0
2.1
5.5
0.5
0.9
0.1
3
0
0
38
27
64
1
4
608
0.1
1.4
0.4
3
7%
0
0%
1/1
100%
3/36
1/19
0
3
1
0
4
39.2
10
1.0
17.6
8.6
9.6
0.7
0.5
0.7
1.3
0.9
0.4
0.6
0.9
0
1
0
0.4
3.4
2.1
1.3
12.4
0.6
0.9
0.1
2
0
0
35
25
69
2
2
1208
0.1
0.7
0.3
2
8%
0
0%
0/1
0%
1/11
1/13
0
0
2
0
5
59.2
5
1.5
37.4
17.7
20.0
3.3
1.8
0.3
1.1
2.1
0.5
1.6
0.5
1
1
0
1.4
5.4
4.6
0.8
12.1
1.1
1.1
0.0
6
0
0
34
32
77
0
4
652
0.1
1.3
0.5
4
9%
0
0%
0/7
0%
4/15
0/30
0
3
1
0
1
48.8
1
0.8
30.4
17.9
12.8
1.7
1.4
0.4
0.9
1.0
0.5
1.2
1.1
1
0
0
0.7
3.3
2.5
0.8
9.6
1.2
0.9
0.1
7
0
0
24
19
71
2
2
854
0.1
1.4
0.5
3
6%
0
0%
0/5
0%
1/13
1/20
0
2
0
1
4
52.1
6
1.3
28.3
10.4
18.9
1.6
1.4
0.9
0.1
0.5
0.5
0.3
0.0
0
0
0
3.2
5.3
5.1
0.2
14.2
0.8
1.5
0.2
2
0
0
36
32
70
2
12
210
0.3
2.1
0.8
15
16%
3/3
100%
0
0%
12/63
0/13
1
2
9
0
3
23.4
3
0.6
10.4
4.6
5.9
0.1
0.0
0.1
0.2
0.4
0.3
0.5
0.3
0
0
0
0.7
2.9
2.1
0.9
6.4
0.9
1.0
0.5
1
0
0
33
15
49
1
1
1608
0.0
1.2
0.3
5
3%
0
0%
0/3
0%
1/29
0/9
0
1
0
0
2
30.7
9
1.0
12.8
4.7
8.8
1.0
0.8
0.7
0.4
0.6
0.5
1.0
0.2
0
0
0
1.0
3.7
2.9
0.8
10.6
0.6
1.4
0.1
3
0
0