21
21
90
0
1.6
1/4
2.9
0.1
33
31
2
61
43
17
1
19
0
0
0.0
0.0
0.0
0
0%
0
0%
0
0%
0
0
0
0
0
0
0
35.5
1
0.0
15.6
12.6
3.0
5.3
1.8
0.0
3
0.1
0.0
0.0
0.1
1.0
1
3
0
0.0
0.3
0.0
0.3
10.4
0.0
0.1
0.0
0
0
0
38
38
90
1
2
1710
0.1
0.8
0.2
0
6%
0
0%
0
0%
2/31
0
1
0
1
0
0
63.9
0
0.0
43.7
34.8
8.9
4.2
2.1
0.0
6
1.5
1.4
0.1
0.3
4.3
1
2
1
0.3
5.6
2.3
3.3
8.7
0.4
0.7
0.0
3
0
0
30
25
77
1
2
1155
0.1
0.4
0.1
0
18%
0
0%
0
0%
0/2
2/9
0
2
0
0
0
70.2
1
0.6
32.9
18.4
14.9
2.7
1.7
0.4
3
2.4
2.0
0.3
0.7
1.7
0
0
0
1.2
4.7
3.7
1.1
19.3
1.2
0.5
0.0
5
0
0
25
19
64
0
0
0
0.0
0.4
0.1
1
0%
0
0%
0
0%
0/3
0/6
0
0
0
0
0
40.3
0
0.2
27.3
17.9
9.4
1.9
2.1
0.0
1.2
1.4
0.1
1.0
1.3
0
1
0
0.1
3.0
2.1
0.9
6.1
1.7
0.6
0.0
4
0
0
26
23
77
0
0
0
0.0
0.4
0.0
0
0%
0
0%
0
0%
0/2
0/9
0
0
0
0
1
57.2
2
0.7
25.4
14.5
11.7
1.6
0.8
0.7
4
1.7
2.2
0.2
1.1
2.1
0
0
1
0.8
4.5
3.5
1.0
13.2
1.5
0.5
0.1
1
0
1
32
25
72
1
0
0
0.0
0.8
0.2
2
0%
0
0%
0/4
0%
0/8
0/16
0
0
0
0
5
42.6
8
1.5
24.4
10.6
14.9
1.1
1.2
1.1
0.3
0.6
0.3
1.0
0.3
0
0
1
0.9
2.2
2.1
0.1
11.2
0.5
0.6
0.0
5
0
1
30
25
72
0
1
2150
0.0
1.5
0.4
2
2%
0
0%
0
0%
1/30
0/15
0
0
1
0
1
41.4
3
0.8
20.8
8.9
12.1
0.9
0.2
0.2
0.5
1.3
0.4
1.0
0.2
0
0
0
2.0
5.0
4.4
0.6
11.4
1.5
1.2
0.1
5
0
0
30
10
37
0
0
0
0.0
0.3
0.1
3
0%
0
0%
0/1
0%
0/6
0/4
0
0
0
0
2
22.1
3
0.9
11.6
4.8
7.7
0.6
0.5
0.8
0.3
0.5
0.2
0.6
0.1
0
0
0
0.5
1.8
1.7
0.1
5.9
0.4
0.7
0.0
4
0
1
23
18
71
0
1
1625
0.0
0.2
0.0
0
20%
0
0%
0
0%
1/1
0/4
0
0
1
0
0
54.4
1
0.3
27.5
16.2
11.7
1.7
1.5
0.4
1
0.9
1.7
0.1
0.8
1.7
0
0
1
0.7
4.3
3.5
0.8
12.6
0.7
1.1
0.0
5
0
0
29
29
90
0
0
0
0.0
0.2
0.0
0
0%
0
0%
0
0%
0/1
0/5
0
0
0
0
1
63.7
2
0.3
44.8
26.2
18.7
3.8
1.8
0.1
1.3
1.8
0.2
1.6
1.3
0
0
0
0.8
4.0
3.2
0.9
9.3
1.4
0.6
0.0
8
0
0
29
24
75
1
7
310
0.2
2.0
0.7
9
12%
0
0%
0
0%
7/47
0/11
1
1
5
1
0
31.4
0
0.3
11.2
4.0
7.2
0.4
0.2
0.0
0.1
0.8
0.7
0.4
0.9
0
0
0
0.7
4.8
2.8
2.0
11.7
1.3
1.4
0.6
4
0
0