29
29
90
1
1.4
0/4
2.1
0.1
42
36
6
62
38
22
0
20
0
0
0.0
0.0
0.0
0
0%
0
0%
0
0%
0
0
0
0
0
0
0
34.2
0
0.0
16.9
14.8
2.1
4.9
1.1
0.0
9
0.1
0.1
0.0
0.0
0.6
0
2
0
0.0
0.6
0.2
0.4
8.7
0.0
0.1
0.0
1
0
0
30
13
44
0
0
0
0.0
0.2
0.0
0
0%
0
0%
0
0%
0/2
0/3
0
0
0
0
0
27.2
0
0.1
17.7
11.2
6.5
0.7
0.5
0.0
7
0.8
1.1
0.2
0.4
0.5
0
0
0
0.3
2.7
2.3
0.5
4.0
1.2
0.9
0.0
8
0
0
26
25
81
2
2
1054
0.1
1.0
0.3
1
8%
0
0%
0
0%
2/23
0/3
1
0
1
0
1
63.5
2
0.7
24.5
14.1
11.2
1.7
2.1
0.8
8
1.7
2.2
0.3
0.8
2.0
0
0
3
0.5
6.2
3.5
2.7
16.3
1.5
0.7
0.2
5
0
0
26
26
88
0
3
759
0.1
0.5
0.2
2
23%
0
0%
0
0%
3/13
0
2
0
1
0
1
55.8
3
0.2
39.5
29.9
9.6
2.3
1.1
0.0
6
1.6
1.8
0.1
0.4
2.9
1
0
2
0.4
4.7
2.7
2.0
5.9
0.9
0.5
0.0
6
0
0
26
22
78
1
0
0
0.0
0.2
0.0
0
0%
0
0%
0
0%
0/1
0/5
0
0
0
0
2
64.9
6
1.2
33.4
18.8
15.5
2.1
3.1
0.8
8
1.2
1.8
0.3
0.8
1.3
1
0
0
0.4
3.5
2.7
0.8
15.7
1.1
0.5
0.0
1
0
0
37
37
89
2
3
1098
0.1
0.6
0.2
5
13%
0
0%
0
0%
3/14
0/9
0
1
2
0
2
59.9
2
0.6
37.1
21.5
15.9
1.9
1.5
0.3
2.1
2.7
0.6
0.7
1.4
0
0
0
0.8
5.8
4.5
1.3
9.1
1.3
1.1
0.0
4
0
0
36
30
76
0
7
391
0.2
2.8
1.1
13
7%
3/4
75%
0/4
0%
5/66
2/35
0
0
7
1
4
41.4
5
0.7
13.2
5.9
7.6
0.8
0.7
0.3
0.6
1.4
0.4
1.2
0.9
0
0
0
1.6
5.8
4.0
1.8
15.4
1.7
1.0
0.3
7
0
0
34
21
51
2
2
873
0.1
0.8
0.4
4
8%
0
0%
0/2
0%
2/13
0/13
0
0
2
0
5
33.6
12
1.7
15.4
6.4
10.3
1.2
1.1
1.4
0.3
1.1
0.3
1.1
0.2
0
0
0
1.0
3.4
3.0
0.4
10.8
0.6
0.9
0.0
2
0
0
31
29
79
1
1
2450
0.0
0.9
0.2
1
3%
0
0%
0/1
0%
0/7
1/22
0
0
1
0
2
54.3
3
0.5
36.0
20.7
15.3
1.7
1.6
0.1
1.0
1.9
0.4
1.1
0.4
0
1
0
2.0
6.1
5.3
0.8
8.1
1.5
1.5
0.0
9
0
0
32
20
56
0
4
446
0.1
1.4
0.4
4
9%
0
0%
0
0%
2/27
2/17
0
3
1
0
4
25.9
4
0.7
10.9
4.8
6.8
0.7
0.2
0.7
0.3
0.4
0.5
0.5
0.3
0
0
0
0.9
3.4
3.2
0.2
7.4
0.4
1.9
0.1
1
0
0
29
19
61
1
6
296
0.2
1.1
0.6
5
18%
0
0%
0/2
0%
6/26
0/7
0
4
2
1
1
34.9
4
1.2
13.8
4.7
9.8
0.8
0.4
0.7
0.2
0.4
0.6
0.7
0.3
0
0
0
1.2
3.5
2.9
0.7
13.3
1.1
1.2
0.3
5
0
0