37
37
90
1
1.4
0/10
2.4
0.4
51
47
4
88
57
31
1
27
0
0
0.0
0.0
0.0
0
0%
0
0%
0
0%
0
0
0
0
0
0
0
32.0
0
0.0
15.0
11.2
3.8
5.5
0.9
0.0
8
0.0
0.1
0.0
0.1
0.6
0
4
1
0.0
0.6
0.3
0.2
8.9
0.0
0.3
0.0
2
0
0
33
30
77
2
3
846
0.1
1.0
0.4
0
9%
0
0%
1/3
33%
2/15
1/19
0
0
3
1
6
54.1
10
1.6
22.2
8.8
14.8
1.3
0.5
1.4
5
1.4
1.3
0.6
0.6
1.1
0
0
2
0.7
2.9
2.4
0.6
15.5
0.7
0.4
0.1
2
0
0
33
33
86
2
0
0
0.0
0.1
0.0
0
0%
0
0%
0
0%
0
0/2
0
0
0
0
1
65.6
0
0.2
45.3
27.7
17.6
3.9
2.5
0.1
7
1.7
1.8
0.2
0.5
2.4
1
0
2
1.0
6.4
4.6
1.8
8.6
1.5
1.9
0.0
7
1
1
31
29
84
1
0
0
0.0
0.4
0.1
1
0%
0
0%
0
0%
0/7
0/4
0
0
0
0
0
77.2
0
0.2
53.8
39.9
14.0
3.6
1.5
0.1
6
2.4
1.8
0.0
0.8
4.3
2
0
1
0.7
6.7
3.1
3.6
10.5
1.4
0.5
0.0
9
1
1
26
13
45
1
0
0
0.0
0.4
0.1
0
0%
0
0%
0/5
0%
0/1
0/10
0
0
0
0
4
32.2
7
0.7
14.5
8.5
6.9
1.1
0.8
0.9
2
1.0
1.0
0.2
0.3
1.0
0
0
1
0.2
2.6
1.6
1.0
8.5
0.9
0.5
0.2
1
1
2
33
30
80
1
2
1316
0.1
1.1
0.2
0
6%
0
0%
0
0%
1/6
1/29
0
0
2
0
1
56.1
1
0.8
37.9
17.7
20.2
2.8
1.8
0.0
1.6
2.6
0.4
1.0
0.8
1
0
0
1.2
5.0
4.2
0.8
8.1
1.4
0.5
0.0
8
0
0
30
25
77
0
2
1159
0.1
1.3
0.4
2
5%
0
0%
0
0%
2/22
0/18
0
0
2
1
3
53.0
5
0.8
34.8
16.4
18.5
1.4
0.7
0.1
1.1
0.5
0.3
0.7
0.5
1
0
1
1.4
3.3
2.6
0.7
9.5
0.7
0.7
0.0
2
0
0
30
26
75
0
1
2257
0.0
0.3
0.1
1
13%
0
0%
0
0%
1/7
0/1
0
1
0
0
0
37.8
0
0.4
24.0
12.3
11.8
1.1
1.2
0.1
1.1
0.9
0.3
0.6
2.3
0
0
0
0.1
2.7
1.6
1.0
6.1
1.0
0.7
0.1
9
0
0
26
2
20
0
0
0
0.0
0.5
0.1
0
0%
0
0%
0
0%
0/2
0/11
0
0
0
0
4
16.4
3
0.5
9.3
3.6
6.2
0.8
0.5
0.4
0.1
0.7
0.1
0.2
0.2
0
0
0
0.2
1.4
1.3
0.1
3.7
0.7
0.4
0.0
3
0
0
35
30
69
0
11
220
0.3
1.5
0.4
6
21%
7/9
78%
0/9
0%
10/23
1/29
0
10
1
0
5
46.2
13
1.5
22.5
7.7
15.6
1.0
0.8
0.8
0.5
1.1
0.7
1.0
0.1
0
0
1
1.5
4.3
3.7
0.6
15.0
0.9
1.1
0.1
3
0
0
33
28
73
1
8
303
0.2
2.2
0.6
11
11%
2/2
100%
0
0%
8/57
0/14
3
0
5
0
3
40.0
5
0.8
19.5
6.0
13.7
1.4
1.1
0.2
0.3
0.9
0.4
0.5
0.7
0
0
0
0.6
5.6
2.8
2.8
12.0
1.5
1.4
0.3
7
0
0