38
38
90
3
0.6
1/2
2.3
0.2
23
21
2
87
55
31
0
18
0
0
0.0
0.0
0.0
0
0%
0
0%
0
0%
0
0
0
0
0
0
0
32.3
0
0.0
15.4
12.9
2.5
4.3
0.9
0.0
21
0.0
0.0
0.0
0.0
0.5
1
1
0
0.0
0.5
0.2
0.3
7.7
0.0
0.2
0.0
1
0
0
37
37
89
0
0
0
0.0
0.4
0.1
0
0%
0
0%
0/1
0%
0/15
0/1
0
0
0
0
0
80.0
0
0.1
60.6
39.8
20.8
3.8
2.0
0.0
20
1.5
0.8
0.0
0.3
3.2
2
0
0
0.2
4.9
1.6
3.2
10.3
0.4
0.7
0.1
3
0
0
36
36
89
6
3
1062
0.1
0.8
0.3
1
11%
0
0%
0
0%
2/24
1/3
2
0
1
1
0
75.9
0
0.3
59.4
39.7
19.8
4.1
2.5
0.1
19
1.0
1.1
0.1
0.2
3.8
1
0
1
0.2
3.8
1.6
2.2
6.9
0.8
0.4
0.0
7
0
0
29
24
75
3
0
0
0.0
0.1
0.0
0
0%
0
0%
0
0%
0
0/4
0
0
0
0
0
67.6
2
0.6
35.9
16.8
19.8
1.3
0.9
0.7
11
1.6
2.7
0.2
0.8
1.5
0
0
0
1.0
6.7
4.8
1.9
13.4
1.3
1.2
0.1
2
0
1
29
28
83
2
3
798
0.1
0.5
0.2
0
20%
0
0%
0
0%
1/7
2/8
0
0
3
0
2
69.4
2
0.8
35.6
16.2
19.7
2.0
1.3
0.4
11
1.3
2.5
0.2
1.3
1.3
0
0
0
0.7
4.6
3.7
0.9
15.3
1.9
0.5
0.1
8
0
0
37
26
59
0
4
546
0.1
1.3
0.3
3
9%
1/1
100%
1/2
50%
3/23
1/24
0
4
0
0
5
30.9
5
0.6
16.1
4.9
11.2
0.6
0.4
0.0
0.2
0.5
0.4
0.4
0.2
0
0
0
1.4
3.0
2.5
0.5
8.4
0.4
0.6
0.2
0
0
0
35
35
83
0
0
0
0.0
0.5
0.2
0
0%
0
0%
0
0%
0/15
0/4
0
0
0
0
1
74.2
1
0.6
48.5
21.7
26.9
2.3
1.8
0.1
2.2
3.3
0.4
2.0
1.2
0
0
0
0.8
8.0
5.3
2.7
12.4
2.0
1.5
0.0
10
0
0
33
11
37
1
1
1205
0.0
0.5
0.2
0
6%
0
0%
0
0%
1/7
0/11
1
0
0
0
2
32.5
3
0.6
23.1
10.9
12.5
1.5
1.1
0.3
0.6
1.0
0.2
0.8
0.5
0
0
0
0.2
2.5
1.9
0.6
4.2
0.8
0.8
0.0
6
0
0
32
10
34
1
7
155
0.2
1.4
0.7
1
16%
0
0%
0/4
0%
7/22
0/22
0
4
3
0
4
22.7
4
1.1
10.8
2.8
8.7
0.4
0.5
0.7
0.1
0.4
0.4
0.7
0.1
0
0
0
0.4
1.2
1.1
0.1
7.6
0.4
0.3
0.2
1
0
0
37
29
64
3
13
182
0.4
1.5
0.9
7
24%
0
0%
0
0%
13/46
0/9
0
6
7
2
2
25.7
3
0.9
11.8
2.3
9.5
0.1
0.2
0.1
0.1
0.5
0.7
0.4
0.2
0
0
0
0.6
2.7
2.2
0.4
7.9
0.9
1.2
0.1
0
0
0
28
23
73
2
16
128
0.6
2.4
1.2
5
24%
4/4
100%
1/11
9%
13/41
3/25
1
2
13
1
5
29.4
7
1.0
13.9
4.3
9.5
0.2
0.2
0.0
0.2
0.5
0.5
0.9
0.8
0
0
0
0.5
3.6
2.3
1.4
7.9
1.2
1.3
1.0
6
0
0