38
38
90
1
1.1
1/7
2.5
0.3
43
36
7
95
58
35
1
23
0
0
0.0
0.0
0.0
0
0%
0
0%
0
0%
0
0
0
0
0
0
0
35.1
0
0.0
20.9
18.6
2.3
5.3
2.0
0.0
11
0.0
0.0
0.0
0.0
0.7
0
1
2
0.0
0.3
0.1
0.2
5.4
0.1
0.1
0.0
2
0
0
34
34
86
3
3
971
0.1
0.7
0.2
0
13%
0
0%
0/1
0%
3/23
0/1
3
0
0
0
0
71.2
0
0.2
53.4
34.3
19.2
3.9
1.6
0.0
9
1.4
1.3
0.1
0.3
3.5
1
1
1
0.1
4.9
1.6
3.3
7.8
1.1
0.3
0.0
5
1
2
31
31
84
3
1
2619
0.0
0.2
0.0
0
20%
0
0%
0
0%
1/3
0/2
1
0
0
0
0
62.6
0
0.0
51.5
35.7
15.8
2.5
1.0
0.0
9
0.9
0.8
0.0
0.2
2.7
1
0
0
0.2
2.7
1.2
1.5
3.3
0.7
0.2
0.0
1
0
0
29
14
50
0
0
0
0.0
0.1
0.0
0
0%
0
0%
0
0%
0
0/3
0
0
0
0
1
40.5
1
0.3
24.3
12.7
11.9
1.5
1.0
0.3
2
0.9
1.0
0.1
0.3
1.2
0
0
0
0.4
2.4
1.8
0.7
6.8
0.8
0.3
0.0
4
0
1
27
10
42
1
0
0
0.0
0.6
0.1
0
0%
0
0%
0
0%
0/13
0/3
0
0
0
0
0
33.7
0
0.1
23.4
15.3
8.1
1.1
0.5
0.0
1
1.2
0.4
0.0
0.3
1.9
1
0
1
0.2
2.9
1.1
1.8
4.0
0.6
0.5
0.0
3
0
0
37
35
79
4
2
1458
0.1
0.5
0.1
1
10%
0
0%
0
0%
2/8
0/12
0
1
1
1
4
72.5
7
1.8
39.2
17.6
23.3
1.9
1.5
1.7
0.8
1.0
0.3
0.5
1.4
2
0
1
0.8
3.6
2.6
1.0
15.8
0.6
0.9
0.1
3
0
0
32
23
70
0
0
0
0.0
0.7
0.2
1
0%
0
0%
0
0%
0/5
0/18
0
0
0
0
1
55.4
1
0.8
40.4
17.5
22.9
3.5
3.1
0.1
1.2
1.2
0.5
0.6
0.6
1
1
0
0.5
3.1
2.3
0.8
7.4
0.8
0.7
0.0
5
0
1
33
21
53
2
3
588
0.1
0.8
0.4
2
12%
1/1
100%
0
0%
2/8
1/18
0
0
3
1
1
53.3
5
0.5
39.2
16.0
23.3
2.3
1.5
0.1
0.4
2.3
0.3
1.0
0.4
0
0
0
0.8
4.5
4.2
0.3
6.4
1.0
1.1
0.0
6
0
0
30
23
60
1
7
256
0.2
2.3
0.9
7
10%
2/2
100%
0
0%
7/50
0/20
0
0
7
0
3
45.1
6
1.3
27.5
8.0
19.5
1.0
0.6
0.0
0.6
0.6
0.4
0.6
0.1
0
0
0
1.5
3.0
2.9
0.1
9.8
0.7
0.8
0.1
3
0
1
35
34
81
4
14
202
0.4
2.6
1.1
16
16%
0
0%
0
0%
14/77
0/13
2
2
10
2
6
41.0
14
1.4
20.8
6.7
14.3
0.7
0.8
0.3
0.7
0.5
0.6
0.7
0.2
0
0
0
1.7
4.0
2.9
1.0
10.7
0.8
0.8
0.4
3
0
0
37
33
79
10
20
147
0.5
3.0
1.4
9
18%
8/8
100%
1/14
7%
17/63
3/47
0
1
19
2
12
50.7
20
2.6
22.8
5.5
18.6
1.1
1.5
1.3
0.1
0.1
0.7
0.5
0.1
0
0
0
2.1
3.9
3.6
0.4
17.6
0.8
1.4
0.3
4
0
0
