23
23
90
1
1.9
0/5
3.0
0.3
43
36
7
68
37
31
1
14
0
0
0.0
0.0
0.0
0
0%
0
0%
0
0%
0
0
0
0
0
0
0
31.9
0
0.0
12.1
8.8
3.3
4.7
1.4
0.0
3
0.0
0.0
0.0
0.0
0.8
1
1
0
0.0
0.1
0.0
0.1
10.8
0.0
0.0
0.0
1
0
0
38
32
78
2
3
989
0.1
0.8
0.3
0
10%
0
0%
0
0%
2/6
1/23
0
1
2
1
1
55.1
3
0.5
33.6
18.7
15.1
2.6
1.8
0.1
4
1.2
3.8
0.5
2.8
0.3
0
0
0
0.8
5.8
5.6
0.2
10.1
1.2
1.0
0.0
5
0
0
30
30
89
1
0
0
0.0
0.3
0.1
1
0%
0
0%
0
0%
0/7
0/1
0
0
0
1
0
62.3
0
0.2
41.3
31.8
9.5
4.1
3.2
0.0
3
2.2
2.2
0.0
1.1
4.2
0
0
3
0.2
5.7
3.0
2.7
9.1
1.0
0.6
0.0
6
1
1
29
24
77
3
2
1120
0.1
0.5
0.1
3
13%
0
0%
0
0%
1/11
1/4
0
1
1
0
2
54.7
1
0.3
34.8
22.3
12.5
2.0
1.0
0.0
2
2.4
1.6
0.1
0.9
1.9
0
0
0
1.3
5.2
3.7
1.5
8.7
0.7
0.9
0.0
5
0
0
27
12
43
0
2
581
0.1
0.8
0.1
0
9%
0
0%
0/2
0%
1/4
1/18
0
1
1
0
0
31.4
1
0.4
19.2
9.9
9.6
1.9
1.5
0.2
5
0.5
1.0
0.1
1.0
0.8
1
0
0
0.5
2.7
2.2
0.5
6.4
0.9
0.6
0.0
4
0
0
36
21
51
1
0
0
0.0
0.9
0.1
0
0%
0
0%
0/5
0%
0/7
0/24
0
0
0
0
6
34.5
12
0.9
18.0
7.7
10.9
1.1
0.9
0.6
0.7
1.4
0.2
1.3
0.2
0
0
0
1.1
3.8
3.7
0.1
8.5
0.7
1.1
0.0
6
0
0
33
9
30
0
4
246
0.1
1.0
0.4
6
12%
3/3
100%
0/4
0%
4/23
0/11
0
1
3
2
0
10.7
1
0.1
3.8
1.5
2.3
0.0
0.0
0.0
0.2
0.2
0.3
0.2
0.2
0
0
0
0.1
1.6
0.7
0.9
3.9
0.7
0.5
0.0
2
0
0
38
30
71
1
10
268
0.3
1.5
0.6
12
18%
4/5
80%
0
0%
10/44
0/13
2
1
7
3
4
33.1
5
0.8
14.3
6.4
8.0
0.4
0.4
0.1
0.5
0.9
0.3
0.6
0.3
0
0
0
1.4
5.8
4.6
1.3
9.3
0.8
2.2
0.3
2
0
0
30
24
65
1
1
1949
0.0
0.5
0.1
1
6%
0
0%
0/1
0%
1/7
0/9
0
0
1
0
0
58.3
1
0.5
41.3
25.0
16.5
2.6
2.2
0.1
0.9
2.5
0.4
1.8
1.1
0
0
2
0.3
4.5
3.5
1.0
8.3
1.9
0.8
0.0
8
0
0
23
7
38
0
4
218
0.2
1.0
0.4
0
17%
1/1
100%
0
0%
4/18
0/6
1
1
2
0
2
14.8
1
0.3
5.3
2.3
3.0
0.1
0.1
0.0
0.4
0.7
0.3
0.2
0.3
0
0
0
0.1
2.6
1.1
1.5
5.0
1.0
0.3
0.1
5
0
0
32
26
65
3
14
149
0.4
1.8
0.8
9
25%
1/1
100%
0
0%
12/46
2/10
2
9
3
1
2
23.4
4
0.8
8.2
2.8
5.5
0.3
0.3
0.1
0.1
0.4
0.6
0.5
0.3
0
0
0
0.8
2.9
1.7
1.2
9.4
0.9
0.6
0.3
2
0
0