28
28
90
0
1.0
0/3
1.5
0.5
27
21
6
43
27
15
0
10
0
0
0.0
0.0
0.0
0
0%
0
0%
0
0%
0
0
0
0
0
0
0
39.3
0
0.0
23.3
20.5
2.8
6.1
2.9
0.0
13
0.1
0.0
0.0
0.1
1.1
0
1
1
0.0
0.5
0.1
0.4
8.9
0.0
0.1
0.0
1
0
0
35
32
82
1
2
1436
0.1
0.7
0.1
2
8%
0
0%
0
0%
2/20
0/4
0
2
0
0
1
78.7
2
0.2
60.5
39.8
20.8
5.1
2.8
0.0
9
1.7
0.7
0.0
0.4
2.8
1
3
0
0.1
4.3
1.2
3.1
9.9
0.9
0.4
0.1
5
0
0
33
27
68
6
1
2237
0.0
0.2
0.1
1
13%
0
0%
0
0%
1/8
0
1
0
0
1
3
59.2
7
1.2
33.0
14.8
19.2
1.3
1.2
1.0
3
1.4
1.9
0.5
0.6
1.2
1
0
0
0.4
4.8
3.3
1.5
11.6
1.2
1.1
0.0
6
0
0
31
26
77
1
0
0
0.0
0.2
0.0
1
0%
0
0%
0
0%
0/4
0/1
0
0
0
1
4
56.2
5
0.8
31.1
15.0
16.6
1.1
1.2
0.5
11
0.5
1.6
0.4
0.6
0.9
0
0
0
0.5
3.2
2.5
0.6
12.0
0.3
0.4
0.1
0
0
0
30
21
66
2
0
0
0.0
0.2
0.0
0
0%
0
0%
0/3
0%
0
0/5
0
0
0
0
2
70.5
6
0.8
43.5
24.7
19.6
2.3
1.4
0.8
7
1.7
1.9
0.3
0.5
1.2
0
2
1
0.3
3.8
2.9
0.8
12.0
1.1
0.7
0.0
3
0
0
36
36
85
1
2
1536
0.1
1.5
0.3
5
4%
0
0%
0
0%
2/29
0/24
1
0
1
0
3
68.3
5
0.5
42.0
21.1
21.0
2.6
2.1
0.1
1.7
3.5
0.6
1.2
1.2
0
0
0
0.6
8.1
5.8
2.4
12.2
1.6
1.7
0.0
7
1
1
35
35
82
0
0
0
0.0
1.0
0.1
1
0%
0
0%
0/1
0%
0/6
0/30
0
0
0
0
3
61.3
3
0.8
40.5
21.2
19.7
2.8
2.3
0.4
1.0
2.6
0.5
1.1
0.4
1
1
1
0.9
5.0
4.4
0.6
10.6
1.3
0.9
0.0
8
1
1
32
24
63
1
7
290
0.2
1.4
0.5
2
16%
0
0%
0/1
0%
6/19
1/25
1
0
6
0
1
44.7
3
0.9
23.5
8.4
15.3
1.0
1.0
0.3
1.0
1.5
0.7
1.1
0.3
0
0
0
1.4
5.3
4.7
0.6
10.4
1.0
1.8
0.1
4
0
0
24
6
28
0
0
0
0.0
0.1
0.0
0
0%
0
0%
0
0%
0/2
0
0
0
0
1
3
22.0
1
0.3
11.3
5.7
6.0
0.4
0.2
0.4
0.3
0.9
0.1
0.3
0.3
0
1
0
0.1
2.0
1.5
0.5
4.3
0.4
0.5
0.0
2
0
0
37
32
71
7
20
131
0.5
2.2
0.9
16
25%
10/12
83%
1/7
14%
19/64
1/16
1
2
17
2
7
34.7
13
1.2
17.3
4.8
12.7
0.6
0.8
0.1
0.4
0.5
0.7
0.3
0.1
0
0
0
0.8
3.4
2.4
1.1
10.5
0.3
1.1
0.5
3
0
0
35
34
79
4
16
174
0.5
1.6
0.9
7
29%
0
0%
0/2
0%
16/50
0/6
2
10
4
2
7
34.1
10
0.9
14.6
4.8
10.0
0.5
0.9
0.2
0.1
0.9
0.7
0.7
0.1
0
0
0
0.5
4.3
2.7
1.6
12.0
1.7
1.3
0.4
4
0
0
