31
31
86
2
1.6
0/11
3.4
0.2
51
50
1
106
72
34
2
26
0
0
0.0
0.0
0.0
0
0%
0
0%
0
0%
0
0
0
0
0
0
0
37.0
0
0.0
17.2
12.4
4.8
7.3
1.7
0.0
2
0.0
0.0
0.0
0.1
0.5
0
1
1
0.1
0.4
0.2
0.3
9.0
0.1
0.1
0.0
0
0
1
38
38
87
3
2
1647
0.1
0.3
0.1
0
15%
0
0%
0
0%
2/13
0
1
0
1
0
0
51.2
0
0.1
34.4
23.5
10.9
3.4
2.1
0.0
5
1.8
1.6
0.0
0.9
3.7
2
1
1
0.1
4.2
2.3
1.9
6.0
0.8
0.7
0.0
4
0
0
29
24
73
1
0
0
0.0
0.4
0.1
2
0%
0
0%
0
0%
0/12
0
0
0
0
0
1
45.8
1
0.0
29.7
20.4
9.2
4.7
3.2
0.0
2
1.3
0.5
0.0
0.4
3.6
1
2
3
0.0
2.6
1.0
1.6
7.3
0.6
0.6
0.0
4
0
2
22
19
74
0
2
814
0.1
0.3
0.1
0
29%
0
0%
0
0%
2/5
0/2
0
0
2
0
0
45.8
0
0.1
30.6
22.5
8.2
3.9
2.0
0.0
1
1.5
1.0
0.1
0.3
2.4
0
0
2
0.1
3.5
2.1
1.4
6.3
1.0
1.2
0.0
5
0
0
20
15
69
0
0
0
0.0
0.1
0.0
1
0%
0
0%
0
0%
0/1
0
0
0
0
0
0
41.7
0
0.3
20.6
12.2
8.6
1.4
1.5
0.1
0
1.3
1.9
0.1
1.0
2.8
0
0
0
0.6
4.1
3.4
0.8
8.2
0.8
0.8
0.1
2
0
0
36
26
68
1
1
2451
0.0
0.5
0.2
0
6%
0
0%
1/5
20%
0/6
1/12
0
0
1
1
6
49.0
4
0.8
22.0
10.9
11.8
1.4
1.3
0.7
1.1
1.1
0.2
0.3
1.1
0
0
0
1.0
4.5
3.4
1.1
11.8
0.6
1.2
0.1
2
0
0
34
26
66
0
0
0
0.0
0.6
0.2
0
0%
0
0%
0
0%
0/7
0/13
0
0
0
0
2
47.6
4
0.6
22.0
12.1
10.8
2.2
1.6
0.9
0.8
1.3
0.3
0.5
1.5
0
0
1
0.6
3.2
2.5
0.7
11.2
0.8
0.5
0.0
4
0
0
34
31
76
1
0
0
0.0
0.1
0.1
0
0%
0
0%
0
0%
0/1
0/3
0
0
0
0
3
57.3
3
0.6
40.7
21.6
19.3
4.2
3.4
0.2
0.2
1.7
0.4
2.1
0.4
0
1
0
0.5
3.8
3.2
0.6
9.6
1.5
1.0
0.0
6
0
0
29
11
40
0
0
0
0.0
0.3
0.1
0
0%
0
0%
0
0%
0/5
0/3
0
0
0
0
0
16.9
1
0.3
8.9
5.2
3.9
1.0
0.8
0.2
0.4
0.4
0.1
0.9
0.5
0
0
0
0.3
1.3
1.0
0.3
4.3
0.5
0.2
0.0
3
0
0
38
38
86
5
16
204
0.4
2.6
1.1
9
16%
0
0%
0
0%
16/92
0/7
7
4
5
0
8
37.7
9
1.0
14.7
5.4
9.7
0.3
0.5
0.3
0.4
1.1
0.3
1.2
0.6
1
0
0
0.9
6.3
2.7
3.6
13.2
1.6
0.8
0.2
3
0
0
35
23
59
1
9
228
0.3
0.9
0.5
6
30%
0
0%
0
0%
7/22
2/8
2
2
5
1
0
25.0
2
0.4
10.6
4.3
6.4
0.3
0.2
0.1
0.4
0.5
0.2
0.4
0.1
0
0
0
1.0
2.8
2.5
0.3
8.2
0.9
0.9
0.1
3
0
0