34
34
90
5
1.1
1/10
2.6
0.6
38
35
3
90
57
33
1
23
0
0
0.0
0.0
0.0
0
0%
0
0%
0
0%
0
0
0
0
0
0
0
36.1
0
0.0
14.9
10.6
4.3
7.6
2.0
0.0
8
0.0
0.0
0.0
0.0
0.9
2
1
1
0.1
0.8
0.3
0.5
10.7
0.0
0.3
0.0
3
0
1
38
38
90
0
2
1707
0.1
0.4
0.2
1
13%
1/2
50%
0/1
0%
2/9
0/7
1
0
1
0
0
57.0
0
0.2
39.2
27.8
11.5
3.4
2.2
0.0
8
1.2
1.5
0.2
0.5
2.8
0
0
2
0.4
3.4
2.2
1.2
8.7
1.0
0.3
0.0
4
0
0
35
35
87
1
1
3047
0.0
0.4
0.1
3
8%
0
0%
0
0%
1/13
0
0
1
0
0
2
47.7
0
0.2
29.2
23.3
6.0
2.5
1.2
0.0
7
2.3
1.7
0.0
0.7
3.9
1
0
1
0.1
3.9
2.3
1.7
6.7
0.9
0.6
0.1
4
1
2
25
21
79
7
1
1966
0.0
0.5
0.2
1
8%
0
0%
0
0%
1/13
0
0
1
0
0
0
50.4
0
0.1
28.2
23.4
4.8
1.4
1.0
0.0
7
2.4
2.4
0.0
1.0
5.2
0
1
2
0.1
7.6
3.7
4.0
7.4
1.6
1.2
0.2
10
0
0
24
19
74
0
3
593
0.1
0.8
0.4
1
17%
0
0%
0
0%
2/9
1/9
0
1
2
0
2
45.8
1
0.5
19.7
10.4
9.9
0.6
0.7
0.6
6
1.0
1.3
0.2
0.6
1.0
1
0
0
1.2
3.6
3.2
0.4
12.4
0.9
0.7
0.0
4
0
0
33
32
85
6
6
470
0.2
2.4
0.8
2
8%
1/2
50%
2/26
8%
3/20
3/60
0
0
6
2
8
62.2
16
2.3
30.8
11.1
21.1
3.5
3.7
1.4
0.4
0.7
0.6
1.2
0.2
0
0
1
1.8
5.2
4.4
0.9
19.7
0.6
1.9
0.0
5
0
0
31
31
87
2
1
2696
0.0
0.8
0.2
2
4%
0
0%
0/1
0%
1/16
0/10
0
0
1
1
3
60.4
2
0.8
37.0
19.4
17.7
2.4
2.1
0.1
1.6
2.6
0.3
1.4
1.0
0
0
0
1.1
6.1
4.8
1.3
11.7
2.1
1.2
0.1
9
0
0
28
9
36
0
3
332
0.1
1.0
0.2
0
11%
0
0%
0/1
0%
3/11
0/17
0
3
0
0
4
17.9
3
0.8
6.3
1.8
4.7
0.4
0.2
0.3
0.1
0.5
0.3
0.5
0.2
0
0
0
0.8
2.1
1.6
0.5
6.6
1.3
0.3
0.0
4
0
0
26
21
65
0
0
0
0.0
0.2
0.0
0
0%
0
0%
0
0%
0/3
0/3
0
0
0
0
1
43.0
0
0.5
29.8
14.2
15.7
2.3
1.3
0.0
0.7
1.4
0.5
1.0
0.3
1
0
0
0.8
3.7
3.2
0.5
6.7
1.0
1.0
0.0
5
0
0
36
36
90
1
1
3222
0.0
0.7
0.2
0
4%
0
0%
0
0%
1/10
0/14
1
0
0
0
0
71.8
4
0.6
30.1
15.6
15.0
1.0
1.1
0.6
3.1
2.9
0.3
0.8
3.1
0
1
1
1.6
7.7
6.1
1.6
16.6
1.2
1.6
0.1
9
0
0
26
10
37
1
4
242
0.2
0.8
0.2
3
19%
2/2
100%
0
0%
4/16
0/5
0
1
3
1
1
17.0
3
0.5
6.8
2.5
4.5
0.0
0.3
0.2
0.2
0.6
0.3
0.5
0.0
0
1
0
0.3
2.3
2.0
0.3
5.9
1.0
1.1
0.3
3
0
0