37
37
90
0
1.2
0/3
2.3
0.3
45
40
5
84
46
37
0
19
0
0
0.0
0.0
0.0
0
0%
0
0%
0
0%
0
0
0
0
0
0
0
39.6
0
0.0
20.0
17.3
2.7
5.0
1.7
0.0
8
0.1
0.0
0.0
0.0
0.5
2
4
0
0.0
0.3
0.1
0.2
10.6
0.0
0.1
0.0
1
0
0
35
35
83
2
0
0
0.0
0.5
0.2
0
0%
0
0%
0
0%
0/4
0/15
0
0
0
0
2
71.8
2
0.7
50.3
27.5
22.8
3.0
3.2
0.0
4
1.0
2.5
0.4
1.0
1.3
0
0
0
1.0
6.9
5.0
1.9
10.4
1.4
1.6
0.0
6
0
0
32
32
89
2
2
1417
0.1
0.5
0.1
0
13%
0
0%
0
0%
2/16
0
1
1
0
1
3
70.3
2
0.2
53.2
36.9
16.3
3.6
3.0
0.0
6
1.0
0.8
0.1
0.4
3.6
1
0
1
0.1
3.3
1.8
1.5
7.8
1.0
0.9
0.1
14
0
0
33
32
85
1
2
1408
0.1
0.3
0.1
0
20%
0
0%
0
0%
2/10
0
1
1
0
0
1
67.3
3
0.2
49.4
36.2
13.2
3.4
2.5
0.0
5
1.3
0.9
0.0
0.4
3.9
0
0
0
0.1
3.7
1.3
2.5
8.4
0.9
0.5
0.0
8
0
1
29
26
82
0
0
0
0.0
0.1
0.0
1
0%
0
0%
0
0%
0/3
0
0
0
0
0
1
63.1
1
0.6
33.4
16.0
17.6
1.1
0.8
0.1
5
1.9
2.8
0.1
0.4
1.9
0
0
0
0.3
5.1
3.7
1.4
10.8
1.4
0.6
0.1
6
0
1
33
28
73
2
7
346
0.2
1.4
0.5
6
16%
0/1
0%
0/8
0%
6/25
1/20
0
0
7
0
10
54.0
11
2.0
28.8
10.6
19.7
1.5
2.0
1.4
0.2
0.8
0.6
0.7
0.3
0
0
1
1.1
3.5
3.3
0.1
15.8
0.5
1.4
0.0
4
0
2
32
22
64
0
2
1032
0.1
0.5
0.1
1
12%
0
0%
0
0%
1/6
1/11
0
2
0
0
0
53.6
2
0.2
36.1
19.8
16.3
2.1
2.1
0.1
1.5
1.5
0.4
0.9
0.9
0
0
0
0.2
4.6
3.2
1.4
8.9
1.5
1.4
0.0
9
1
1
26
21
73
1
1
1895
0.0
0.7
0.2
0
6%
0
0%
0
0%
1/4
0/13
1
0
0
0
2
66.1
2
0.5
45.5
23.4
22.2
1.7
1.4
0.1
1.1
3.6
0.2
1.6
0.8
0
1
0
1.0
6.5
5.5
1.0
9.5
1.7
0.9
0.0
8
0
0
23
11
45
0
2
512
0.1
0.4
0.1
0
22%
0
0%
0/1
0%
2/7
0/2
1
1
0
0
1
30.2
0
0.4
17.9
6.7
11.2
1.0
0.9
0.0
0.1
1.0
0.3
1.0
0.1
0
0
0
0.6
2.5
2.1
0.4
7.7
1.4
0.5
0.0
3
0
0
32
19
50
1
5
322
0.2
1.2
0.5
11
13%
1/1
100%
0
0%
5/31
0/7
1
0
4
0
3
17.7
3
0.4
7.5
2.7
4.8
0.5
0.5
0.0
0.1
0.2
0.3
0.3
0.5
0
0
0
0.3
1.9
1.0
0.9
6.1
0.6
0.6
0.4
1
1
2
36
33
76
5
8
344
0.2
2.0
0.6
7
11%
0/2
0%
0/6
0%
7/43
1/28
1
5
2
0
8
53.8
20
1.6
25.9
8.3
18.8
1.6
1.8
1.2
0.4
1.1
0.4
0.9
0.3
0
0
1
1.6
4.5
4.2
0.3
17.1
0.7
1.5
0.2
5
0
0