38
38
90
4
1.4
0/7
3.3
0.1
53
47
6
125
65
58
1
32
0
0
0.0
0.0
0.0
0
0%
0
0%
0
0%
0
0
0
0
0
0
0
37.0
0
0.0
21.5
20.2
1.3
3.8
1.6
0.0
9
0.0
0.0
0.0
0.1
0.3
0
2
0
0.0
0.5
0.1
0.3
6.1
0.0
0.1
0.0
3
0
0
23
15
64
0
1
1473
0.0
0.4
0.1
0
11%
0
0%
0
0%
1/6
0/3
1
0
0
0
0
55.0
1
0.1
40.9
26.7
14.3
2.3
1.7
0.0
4
0.6
1.0
0.0
0.5
1.3
0
0
0
0.1
2.2
1.5
0.7
6.5
0.5
0.4
0.0
0
0
0
19
12
63
0
0
0
0.0
0.1
0.1
0
0%
0
0%
0
0%
0/2
0
0
0
0
0
0
55.6
0
0.1
41.1
27.9
13.2
1.6
0.9
0.0
4
1.1
0.9
0.0
0.2
1.6
0
0
1
0.5
2.3
1.8
0.5
5.7
0.9
0.3
0.0
1
0
0
18
13
54
0
1
971
0.1
0.4
0.3
0
13%
0
0%
0
0%
1/5
0/3
0
1
0
0
0
47.8
1
0.3
22.9
12.4
10.9
0.9
0.4
0.4
0
1.4
1.4
0.2
0.7
0.6
0
0
0
1.1
4.4
3.9
0.6
11.7
1.0
1.5
0.4
1
0
0
15
12
70
0
0
0
0.0
0.1
0.1
0
0%
0
0%
0
0%
0/2
0
0
0
0
0
0
64.3
0
0.0
47.3
37.9
9.4
2.8
1.3
0.0
3
0.7
1.1
0.0
0.2
3.7
0
0
1
0.2
3.1
1.8
1.3
8.3
1.3
0.6
0.1
3
0
1
36
34
82
1
2
1483
0.1
0.8
0.1
1
7%
0
0%
0
0%
1/11
1/16
0
2
0
0
1
67.4
3
0.8
37.4
20.4
17.6
1.9
1.6
0.6
1.5
1.8
0.3
0.6
1.3
1
0
0
1.0
4.7
3.7
1.0
13.3
0.6
0.9
0.0
3
0
0
30
24
71
0
1
2126
0.0
0.3
0.1
0
13%
0
0%
0
0%
0/4
1/4
0
0
1
1
0
58.5
3
0.4
31.4
17.5
14.2
1.1
0.9
0.2
1.1
1.2
0.2
0.5
1.4
0
1
0
1.0
3.9
3.3
0.6
11.3
0.9
1.2
0.1
5
1
1
28
24
79
0
0
0
0.0
0.4
0.1
1
0%
0
0%
0
0%
0/6
0/4
0
0
0
0
0
67.5
0
0.5
50.9
28.3
22.6
3.2
2.9
0.0
1.9
1.8
0.5
1.2
1.6
0
0
0
0.5
4.1
2.7
1.4
7.9
1.5
0.4
0.0
7
1
1
29
17
52
0
2
750
0.1
0.3
0.1
1
20%
0
0%
0
0%
2/6
0/4
1
1
0
1
0
40.2
0
0.2
29.2
16.4
12.8
1.6
1.1
0.0
0.6
1.1
0.2
0.6
0.7
0
1
1
0.8
2.8
2.2
0.6
5.2
1.1
0.3
0.0
3
0
0
34
31
81
5
12
229
0.4
2.4
1.0
15
15%
4/4
100%
0/7
0%
12/59
0/21
1
0
11
1
7
49.5
11
1.5
24.6
8.1
17.0
0.9
0.8
0.5
0.5
0.9
1.0
0.9
0.5
0
0
0
1.5
4.1
3.5
0.6
14.1
1.3
1.1
0.2
5
0
0
30
21
64
2
4
477
0.1
1.1
0.5
3
12%
0
0%
0/3
0%
4/16
0/18
0
1
3
0
5
38.1
6
1.2
19.5
7.2
12.9
0.5
0.3
0.6
0.5
1.3
0.5
1.1
0.1
0
0
0
1.6
5.0
4.7
0.3
9.5
0.8
1.8
0.0
2
0
0