38
38
90
4
1.4
1/12
3.0
0.3
55
50
5
114
77
37
1
26
0
0
0.0
0.0
0.0
0
0%
0
0%
0
0%
0
0
0
0
0
0
0
34.6
0
0.0
14.0
9.8
4.2
5.8
1.1
0.0
5
0.0
0.0
0.0
0.0
0.8
0
0
1
0.0
0.6
0.1
0.4
12.4
0.0
0.2
0.0
2
0
0
33
28
73
1
7
342
0.2
1.1
0.4
2
19%
5/5
100%
0/4
0%
6/13
1/23
0
7
0
0
2
51.1
1
0.8
30.5
13.3
17.7
2.2
2.2
0.5
1.0
1.7
0.5
1.5
0.4
1
1
0
0.5
3.9
3.5
0.4
11.5
1.1
1.4
0.1
4
0
1
32
31
87
2
2
1392
0.1
0.4
0.1
1
14%
0
0%
0
0%
2/10
0/4
1
0
1
0
0
54.3
0
0.2
32.0
19.5
12.6
3.0
2.1
0.1
5
1.2
1.8
0.0
1.1
4.8
1
0
1
0.5
4.6
2.7
1.9
9.7
0.7
0.4
0.1
7
0
1
24
22
81
0
1
1948
0.0
0.3
0.2
4
13%
0
0%
0
0%
1/8
0
1
0
0
0
0
42.9
0
0.2
26.6
18.8
7.8
1.8
1.3
0.0
1
1.8
1.3
0.0
0.5
3.1
0
0
2
0.3
4.0
1.8
2.2
6.8
1.4
0.3
0.0
4
0
0
25
23
83
2
0
0
0.0
0.8
0.3
0
0%
0
0%
0/5
0%
0/6
0/15
0
0
0
0
1
53.7
3
1.1
18.0
7.6
11.7
0.8
1.0
1.3
2
1.5
2.2
0.3
1.1
1.4
1
0
1
0.7
5.6
4.6
1.0
16.1
0.8
1.7
0.0
3
0
0
37
35
82
2
9
338
0.2
1.6
0.7
6
15%
0
0%
0
0%
9/48
0/12
0
1
8
4
4
32.3
11
1.0
10.8
3.1
7.7
0.2
0.2
0.1
0.2
0.6
0.7
0.5
0.7
0
0
0
1.4
6.0
3.9
2.1
12.3
1.7
2.0
0.6
3
0
0
36
32
78
2
10
280
0.3
2.0
0.7
3
14%
0
0%
0
0%
8/32
2/39
0
9
1
1
4
44.9
7
0.8
20.9
7.3
13.8
1.3
1.1
0.2
0.6
1.6
0.4
0.9
0.4
0
0
0
2.6
6.0
5.6
0.4
12.1
1.5
1.4
0.1
5
0
0
32
16
46
0
0
0
0.0
0.4
0.1
0
0%
0
0%
0
0%
0/9
0/4
0
0
0
1
2
28.7
1
0.5
12.6
4.6
8.3
0.4
0.3
0.3
0.6
1.1
0.4
0.6
0.4
0
0
0
0.7
4.1
3.0
1.2
9.6
1.5
1.1
0.1
6
0
0
32
26
71
0
0
0
0.0
0.3
0.0
0
0%
0
0%
0
0%
0/4
0/4
0
0
0
0
2
45.0
1
0.6
31.8
13.3
18.6
2.3
1.6
0.1
1.3
0.8
0.6
1.1
0.5
0
0
0
0.2
1.8
1.5
0.3
7.6
0.7
0.5
0.0
4
0
0
34
29
79
0
1
2670
0.0
0.9
0.2
1
3%
0
0%
0/5
0%
1/13
0/16
1
0
0
0
1
54.8
3
0.3
34.6
21.6
13.1
2.1
1.4
0.1
4
1.7
1.9
0.0
0.9
3.0
0
0
1
0.1
5.2
2.7
2.5
9.4
0.9
0.7
0.0
3
0
1
33
28
71
0
6
390
0.2
1.2
0.5
7
16%
1/1
100%
0/1
0%
6/29
0/9
1
3
2
0
5
34.3
3
1.0
13.0
3.8
9.9
0.3
0.4
0.7
0.5
0.8
0.5
0.6
0.4
0
1
0
1.4
3.7
3.1
0.6
12.9
0.5
0.9
0.1
2
0
0