38
38
90
1
1.9
3/10
3.3
0.3
71
63
8
126
83
42
0
36
0
0
0.0
0.1
0.0
0
0%
0
0%
0
0%
0/2
0
0
0
0
0
0
46.9
1
0.1
24.5
19.8
4.7
7.7
2.2
0.0
8
0.0
0.1
0.0
0.1
0.5
2
0
1
0.0
0.5
0.2
0.3
13.5
0.0
0.2
0.0
3
0
0
26
26
90
3
2
1165
0.1
0.5
0.2
0
15%
0
0%
0
0%
2/9
0/4
0
2
0
0
3
64.3
3
0.7
30.7
17.2
13.8
2.2
1.1
0.3
5
1.4
1.9
0.2
0.7
2.1
0
0
0
0.6
4.8
4.0
0.8
12.3
0.6
1.5
0.0
4
0
0
23
14
57
0
0
0
0.0
0.3
0.0
0
0%
0
0%
0
0%
0/2
0/4
0
0
0
0
0
37.3
0
0.4
16.6
9.6
7.3
0.7
0.4
0.2
3
1.0
1.1
0.1
0.6
1.6
0
1
0
0.5
2.7
2.1
0.6
8.3
0.7
0.5
0.0
0
0
0
21
18
73
0
0
0
0.0
0.4
0.1
2
0%
0
0%
0
0%
0/8
0
0
0
0
0
0
55.1
0
0.0
33.8
24.5
9.3
3.1
2.1
0.0
3
2.1
0.7
0.1
0.4
3.0
1
0
2
0.1
3.8
2.3
1.5
9.6
0.8
1.5
0.0
2
1
2
20
20
81
0
1
1629
0.1
0.5
0.1
3
11%
0
0%
0
0%
1/9
0
1
0
0
0
0
48.5
0
0.1
34.4
26.1
8.3
2.7
1.4
0.0
5
1.6
0.7
0.1
0.8
2.4
0
0
2
0.2
2.8
1.4
1.3
5.7
0.9
0.6
0.0
2
0
1
33
33
90
1
6
493
0.2
1.9
0.7
6
10%
1/1
100%
0/5
0%
5/34
1/28
0
3
3
3
10
56.3
9
1.6
23.4
8.6
15.6
1.6
1.0
0.8
1.0
1.1
0.7
0.6
1.0
0
0
0
1.9
7.2
5.0
2.2
19.3
0.7
2.0
0.3
3
0
0
32
24
68
0
1
2174
0.0
0.8
0.2
2
4%
0
0%
0
0%
1/14
0/10
0
1
0
0
1
34.8
1
0.6
17.6
9.2
8.4
0.8
0.4
0.0
1.8
2.1
0.4
1.1
1.1
1
1
2
0.4
3.9
2.9
1.0
7.3
1.4
0.5
0.0
8
0
0
30
19
60
2
4
453
0.1
0.8
0.3
2
16%
0
0%
1/6
17%
3/14
1/11
0
4
0
0
3
27.3
5
1.2
8.5
2.6
7.2
0.4
0.6
1.3
0.8
0.9
0.4
0.4
0.4
0
0
0
0.3
3.3
2.7
0.6
9.9
0.8
1.4
0.1
1
0
0
27
27
83
0
1
2251
0.0
0.4
0.2
0
9%
0
0%
0
0%
0/2
1/9
0
1
0
0
0
50.4
1
0.3
31.1
20.7
10.6
2.5
2.3
0.1
1.9
3.0
0.4
1.5
0.9
2
1
0
0.4
4.1
3.9
0.2
8.5
1.3
0.6
0.0
4
1
1
38
35
81
1
11
278
0.3
1.8
0.7
2
16%
6/7
86%
0
0%
11/47
0/21
1
0
10
0
1
47.8
3
0.5
19.3
9.0
10.5
1.1
0.8
0.2
0.9
1.4
0.4
1.5
1.2
0
0
0
0.7
5.7
3.7
1.9
15.0
0.8
1.7
0.1
3
0
0
33
21
54
0
9
197
0.3
0.9
0.5
7
29%
0
0%
0
0%
8/25
1/6
1
1
7
0
0
17.9
2
0.3
6.8
3.0
3.8
0.3
0.2
0.0
0.1
0.4
0.4
0.2
0.2
0
0
0
0.8
2.9
2.5
0.5
5.8
0.6
1.2
0.5
2
0
0