29
29
87
3
0.6
1/2
2.6
0.2
18
17
1
74
48
26
0
27
0
0
0.0
0.0
0.0
0
0%
0
0%
0
0%
0
0
0
0
0
0
0
29.1
0
0.0
18.5
17.7
0.8
3.2
1.2
0.0
14
0.0
0.0
0.0
0.0
0.6
0
0
0
0.0
0.2
0.1
0.1
3.1
0.0
0.1
0.0
0
0
0
28
26
83
0
0
0
0.0
0.2
0.0
0
0%
0
0%
0
0%
0/3
0/2
0
0
0
0
0
79.4
1
0.2
66.8
42.2
24.6
1.6
0.5
0.0
6
1.1
1.6
0.0
0.4
2.1
2
2
0
0.3
4.2
2.9
1.3
4.4
1.1
0.9
0.0
6
0
1
25
24
85
5
3
710
0.1
0.6
0.3
1
20%
0
0%
0
0%
3/15
0
3
0
0
0
1
78.7
0
0.1
64.3
39.9
24.4
4.2
2.7
0.0
13
1.1
1.1
0.1
0.4
2.9
1
1
0
0.1
3.3
1.4
2.0
5.6
0.6
0.2
0.0
2
0
0
26
18
65
1
0
0
0.0
0.1
0.1
1
0%
0
0%
0
0%
0/2
0
0
0
0
0
2
59.1
3
0.6
40.7
15.6
25.5
0.6
0.5
0.4
7
0.8
1.5
0.2
0.3
0.5
0
0
0
0.6
3.3
2.4
0.9
7.7
0.6
0.3
0.1
1
0
0
22
17
68
2
0
0
0.0
0.2
0.0
0
0%
0
0%
0
0%
0/3
0/1
0
0
0
0
1
61.8
1
0.0
47.7
29.0
18.9
2.1
1.0
0.2
9
1.1
0.7
0.1
0.2
1.5
0
0
1
0.8
3.0
1.8
1.1
5.4
0.8
0.4
0.0
1
1
2
31
18
60
4
1
1858
0.0
0.7
0.1
0
5%
0
0%
0/1
0%
1/11
0/10
0
1
0
0
3
65.7
5
0.8
50.5
19.4
31.2
1.4
1.2
0.1
1.0
1.7
0.7
1.5
0.6
0
1
0
0.4
2.9
2.6
0.3
7.0
1.0
0.5
0.0
6
0
0
28
20
57
0
2
794
0.1
0.7
0.3
0
11%
0
0%
0
0%
0/5
2/14
0
0
2
0
1
70.4
1
0.5
55.7
23.2
32.5
1.6
1.0
0.1
0.7
2.3
0.8
0.9
0.3
2
1
0
0.9
4.7
3.8
0.9
6.8
1.3
0.7
0.0
3
0
0
27
23
69
8
4
466
0.1
2.2
0.6
3
7%
0
0%
1/6
17%
3/30
1/30
0
4
0
1
9
57.3
20
2.6
29.9
6.2
25.4
2.1
2.3
1.8
0.2
1.0
0.6
1.3
0.2
0
0
0
1.5
3.4
3.4
0.0
16.9
0.4
1.0
0.3
1
0
0
23
16
62
2
2
716
0.1
0.7
0.2
1
12%
0
0%
0
0%
2/14
0/3
1
0
1
0
1
59.4
2
0.2
47.3
27.2
20.1
1.3
1.0
0.0
1.3
0.9
0.3
0.3
1.4
4
0
0
0.3
3.1
1.8
1.3
5.0
0.6
0.7
0.0
3
0
0
31
27
77
9
27
88
0.9
3.4
1.8
15
26%
6/6
100%
0/2
0%
24/88
3/16
0
7
20
4
7
50.4
9
1.1
24.8
3.9
21.1
0.2
0.5
0.2
0.1
0.1
0.7
0.2
0.1
0
1
0
2.9
4.4
4.3
0.2
15.3
0.7
1.2
0.5
5
0
0
18
15
79
6
9
158
0.5
3.9
1.2
9
13%
5/6
83%
0/18
0%
9/40
0/30
0
1
8
2
5
83.8
13
3.4
40.5
8.2
33.3
2.0
2.6
0.9
0.5
0.8
1.1
1.6
0.0
0
0
0
4.8
9.6
9.3
0.3
24.8
1.8
3.7
0.2
5
1
2