27
27
90
1
1.3
0/7
2.7
0.3
35
29
6
74
50
24
1
21
0
0
0.0
0.0
0.0
0
0%
0
0%
0
0%
0
0
0
0
0
0
0
36.4
0
0.0
18.7
15.8
2.9
4.6
1.3
0.0
5
0.1
0.1
0.0
0.0
1.0
1
0
1
0.0
0.5
0.1
0.3
7.5
0.0
0.1
0.0
1
0
0
35
34
86
1
1
3003
0.0
0.7
0.1
1
4%
0
0%
0
0%
1/13
0/10
1
0
0
1
1
80.9
4
1.0
48.5
23.1
26.1
2.3
1.3
0.7
10
2.2
1.6
0.5
1.1
1.1
0
0
1
0.7
4.0
2.9
1.1
14.0
1.1
0.7
0.1
4
0
0
35
35
90
2
3
1049
0.1
0.8
0.2
4
11%
0
0%
0
0%
3/27
0/1
2
1
0
0
1
87.9
1
0.1
69.9
45.5
24.4
3.7
1.8
0.0
9
1.3
1.1
0.0
0.3
2.9
0
0
1
0.3
5.6
2.1
3.5
8.2
0.6
0.8
0.1
6
0
0
30
30
89
5
4
666
0.1
0.8
0.4
0
17%
0
0%
0
0%
4/20
0/3
2
0
2
0
0
77.3
0
0.2
59.4
39.2
20.3
4.7
3.2
0.0
7
1.5
0.7
0.0
0.2
3.3
0
1
1
0.3
4.3
1.8
2.5
8.7
1.0
0.7
0.0
7
0
1
29
23
67
0
1
1955
0.0
0.8
0.1
0
4%
0
0%
0
0%
0/11
1/13
0
1
0
1
3
54.6
3
0.7
31.3
15.0
16.7
0.9
0.3
0.4
3
0.6
1.3
0.2
0.4
1.1
0
1
0
0.6
3.4
2.8
0.7
9.7
0.8
0.9
0.0
3
0
0
37
29
69
3
6
426
0.2
1.7
0.6
0
9%
0
0%
0/11
0%
5/22
1/42
0
2
4
0
5
60.2
7
1.7
36.9
15.0
23.6
3.1
2.5
1.8
0.5
1.1
0.5
1.4
0.6
0
0
0
0.2
2.1
1.5
0.5
14.0
0.7
0.3
0.1
8
0
0
35
28
69
2
1
2408
0.0
0.7
0.2
1
4%
0
0%
0
0%
1/13
0/13
0
1
0
0
2
58.7
4
0.6
40.5
17.1
23.4
1.7
1.1
0.0
0.7
2.8
0.5
1.1
0.4
1
0
0
1.2
6.1
5.5
0.5
8.3
1.6
1.5
0.0
6
0
0
34
33
86
0
1
2910
0.0
0.6
0.1
2
5%
0
0%
0
0%
1/11
0/9
1
0
0
0
1
92.3
1
0.4
78.3
38.9
39.4
3.4
2.3
0.0
0.5
1.0
0.5
0.6
0.7
0
0
0
0.6
4.4
1.9
2.5
8.0
1.1
0.4
0.0
8
0
1
34
30
72
0
9
273
0.3
1.4
0.5
3
19%
1/1
100%
0
0%
8/38
1/9
0
1
8
0
7
34.1
5
1.2
18.3
4.9
13.5
0.6
0.8
0.1
0.5
1.0
0.4
0.8
0.2
0
0
0
0.8
4.3
2.8
1.5
8.6
1.0
1.1
0.3
3
0
1
30
26
77
0
2
1159
0.1
1.2
0.2
1
6%
0
0%
0
0%
2/21
0/15
0
0
2
0
3
51.2
3
1.4
25.1
5.7
20.0
0.6
0.2
0.5
0.4
1.5
0.9
0.5
0.0
0
0
0
3.7
7.7
7.4
0.3
13.8
1.2
2.3
0.2
1
0
1
27
19
66
2
10
177
0.4
1.9
0.9
7
19%
1/1
100%
0/4
0%
9/34
1/18
2
3
5
1
1
30.0
3
1.0
13.7
4.3
9.4
0.8
0.6
0.0
0.2
0.1
0.3
0.1
0.6
0
0
0
0.9
5.6
3.1
2.6
8.7
1.4
2.0
0.2
3
0
0