37
37
89
1
1.3
2/7
3.1
0.3
49
44
5
114
66
48
2
24
0
0
0.0
0.0
0.0
0
0%
0
0%
0
0%
0
0
0
0
0
0
0
44.4
0
0.0
21.8
18.2
3.6
6.6
1.7
0.0
10
0.1
0.1
0.0
0.1
0.9
1
2
1
0.1
0.6
0.3
0.4
13.2
0.0
0.3
0.0
2
0
0
37
37
90
1
0
0
0.0
0.2
0.1
0
0%
0
0%
0
0%
0/2
0/4
0
0
0
1
3
63.9
0
0.6
32.4
19.7
13.1
2.5
1.2
0.4
10
1.9
2.1
0.3
0.8
2.0
1
1
0
0.5
4.2
3.5
0.8
13.1
0.9
0.9
0.1
4
0
0
33
33
88
1
1
2901
0.0
0.3
0.0
1
9%
0
0%
0
0%
1/11
0
1
0
0
0
0
61.0
0
0.1
41.7
31.8
9.9
3.8
1.9
0.0
9
2.1
1.1
0.0
0.6
4.3
1
0
2
0.4
3.6
1.9
1.7
7.7
0.7
0.5
0.0
11
1
2
8
6
62
0
0
0
0.0
0.0
0.0
0
0%
0
0%
0
0%
0
0
0
0
0
0
0
53.0
0
0.5
28.8
13.6
15.3
1.1
1.0
0.1
0.8
1.4
0.0
1.1
1.4
0
0
1
0.3
3.4
2.3
1.1
11.6
1.4
0.8
0.0
3
0
0
8
5
64
0
0
0
0.0
0.0
0.0
0
0%
0
0%
0
0%
0
0
0
0
0
0
0
50.8
0
0.1
34.9
24.3
10.6
4.8
3.1
0.0
1.3
1.5
0.0
0.8
2.1
1
0
0
0.0
2.9
1.6
1.3
8.3
1.0
0.1
0.0
0
0
0
33
33
88
3
3
963
0.1
0.5
0.2
1
20%
0
0%
0
0%
3/14
0/1
3
0
0
0
0
65.9
0
0.1
45.6
32.8
12.8
2.4
1.9
0.0
10
1.8
1.8
0.1
0.5
3.7
0
0
1
0.2
5.5
2.6
2.8
8.8
1.1
0.7
0.0
4
0
1
31
29
84
1
2
1308
0.1
0.3
0.1
0
25%
0
0%
0
0%
1/3
1/5
0
2
0
0
1
61.2
2
0.6
30.3
16.5
14.2
1.6
1.3
0.5
8
1.0
1.8
0.3
0.8
1.8
0
0
2
1.4
4.8
3.9
0.8
13.4
0.8
0.8
0.1
5
0
0
31
27
67
0
4
522
0.1
1.9
0.7
1
7%
0
0%
1/10
10%
3/16
1/44
0
0
4
0
2
38.2
3
0.8
15.8
6.9
9.6
1.4
1.1
0.8
0.5
1.3
0.3
1.0
0.4
0
0
0
0.7
3.4
3.2
0.3
14.0
0.9
1.2
0.2
3
0
0
30
29
85
0
0
0
0.0
0.7
0.2
1
0%
0
0%
0
0%
0/11
0/11
0
0
0
0
3
45.3
5
0.8
27.9
16.4
11.7
2.1
1.9
0.2
1.4
3.1
0.2
1.6
0.9
1
0
0
0.6
4.4
3.9
0.5
7.3
1.3
0.2
0.1
8
0
0
36
35
82
4
14
210
0.4
1.8
0.8
5
22%
5/5
100%
0
0%
14/53
0/10
0
6
8
1
1
30.6
2
0.8
13.5
4.7
8.9
0.7
0.3
0.1
0.3
0.6
0.7
0.5
1.0
1
0
0
1.3
3.8
2.9
0.9
8.8
0.9
1.0
0.4
2
0
0
33
11
38
0
4
310
0.1
0.6
0.3
6
21%
0
0%
0
0%
3/16
1/3
3
1
0
0
1
14.3
1
0.3
6.2
2.5
3.7
0.0
0.1
0.0
0.2
0.7
0.1
0.3
0.3
1
0
0
0.3
3.5
1.3
2.1
4.6
1.3
0.4
0.3
4
0
0