24
24
90
0
1.3
1/5
2.5
0.0
31
28
3
61
41
19
1
12
0
0
0.0
0.0
0.0
0
0%
0
0%
0/1
0%
0
0/1
0
0
0
0
0
33.5
0
0.0
16.9
10.6
6.3
8.8
2.1
0.0
8
0.0
0.0
0.0
0.0
0.5
0
2
1
0.0
0.4
0.1
0.3
9.5
0.0
0.0
0.0
1
0
0
32
31
87
1
2
1393
0.1
0.4
0.1
0
17%
0
0%
0
0%
2/12
0
2
0
0
0
0
48.3
1
0.2
34.7
26.8
7.8
3.7
2.4
0.0
6
1.0
1.1
0.0
0.4
3.2
3
2
1
0.1
3.2
1.6
1.6
5.3
0.7
0.4
0.0
3
0
1
30
29
85
1
0
0
0.0
0.5
0.1
4
0%
0
0%
0/1
0%
0/12
0/4
0
0
0
0
0
58.1
1
0.1
37.7
27.6
10.1
3.8
2.5
0.0
8
3.0
2.0
0.1
0.7
3.3
0
0
2
0.2
5.2
3.4
1.8
7.9
1.7
1.2
0.1
8
0
0
27
14
49
1
0
0
0.0
0.1
0.0
0
0%
0
0%
0
0%
0/1
0/2
0
0
0
0
1
41.4
2
0.4
22.0
12.5
9.9
2.6
1.4
0.4
2
1.4
1.4
0.2
0.5
0.9
0
0
0
0.2
3.1
2.2
0.9
9.4
0.6
0.7
0.0
2
0
0
21
21
87
3
3
612
0.1
0.5
0.2
0
27%
3/3
100%
0/3
0%
3/4
0/7
0
0
3
0
3
65.7
7
1.3
29.0
14.2
15.8
3.7
2.9
1.0
7
1.1
1.0
0.3
0.5
1.3
1
0
0
0.8
3.4
2.5
0.9
19.3
0.9
0.7
0.0
1
0
0
36
25
58
1
1
2100
0.0
0.6
0.1
0
4%
0
0%
0
0%
1/14
0/9
1
0
0
3
1
34.4
5
0.5
16.6
7.1
10.0
1.3
0.8
0.5
0.6
1.6
0.4
0.3
0.4
0
0
0
1.3
4.8
4.1
0.6
9.3
0.9
1.3
0.0
3
0
0
36
29
72
0
0
0
0.0
0.7
0.1
1
0%
0
0%
0
0%
0/12
0/13
0
0
0
0
0
42.1
0
0.2
24.3
11.6
12.8
2.2
1.5
0.1
1.3
1.9
0.3
1.1
1.1
0
0
1
0.8
4.8
3.3
1.5
8.5
1.8
0.6
0.0
6
0
0
33
32
85
1
0
0
0.0
0.2
0.0
0
0%
0
0%
0
0%
0/2
0/6
0
0
0
0
2
70.9
3
0.6
35.5
19.5
16.5
5.0
3.4
0.5
1.7
2.4
0.2
1.0
1.4
0
1
0
0.8
4.5
3.6
0.8
16.0
1.0
0.4
0.0
0
0
0
36
28
69
1
9
274
0.3
1.5
0.6
8
16%
1/1
100%
0
0%
8/42
1/13
3
2
4
0
3
27.0
4
0.6
10.6
3.6
7.1
0.7
0.8
0.1
0.4
0.3
0.4
0.3
0.4
0
0
0
0.4
4.4
1.5
2.9
10.2
0.7
0.8
0.4
2
0
0
37
31
71
1
5
528
0.1
1.3
0.4
4
11%
0
0%
0
0%
5/32
0/15
1
1
3
1
1
41.9
6
1.0
22.8
8.8
14.2
1.2
1.0
0.2
0.6
1.0
0.5
1.2
0.0
0
0
0
0.7
3.5
2.8
0.6
11.2
1.4
1.2
0.2
6
1
1
35
34
85
3
16
186
0.5
2.0
1.0
11
23%
4/5
80%
0
0%
16/59
0/12
3
9
4
2
4
38.2
4
1.0
17.5
6.6
11.0
1.2
1.4
0.1
0.3
0.9
0.3
0.7
1.5
0
0
0
0.3
7.2
2.5
4.7
12.2
1.1
1.3
0.3
5
0
0