38
38
90
1
1.3
0/4
2.3
0.1
50
46
4
88
69
19
1
21
0
0
0.0
0.0
0.0
0
0%
0
0%
0
0%
0
0
0
0
0
0
0
36.4
0
0.0
19.8
17.8
2.0
6.3
3.4
0.0
11
0.0
0.0
0.0
0.0
0.4
0
0
0
0.0
0.4
0.1
0.3
8.6
0.0
0.1
0.0
0
0
0
23
19
79
0
1
1816
0.0
0.4
0.1
0
10%
0
0%
0
0%
1/10
0
1
0
0
0
0
71.3
1
0.3
52.8
35.0
18.0
2.0
1.7
0.2
5
1.2
1.2
0.1
0.6
3.5
0
1
0
0.2
4.7
1.9
2.7
8.4
0.8
0.7
0.0
2
0
0
28
27
81
2
0
0
0.0
0.4
0.1
2
0%
0
0%
0
0%
0/11
0
0
0
0
1
0
75.8
0
0.2
52.1
32.7
19.4
2.7
1.4
0.0
6
2.2
1.8
0.0
0.5
3.3
0
0
1
0.5
6.5
3.3
3.3
10.2
1.3
1.0
0.1
7
0
0
28
28
88
3
2
1238
0.1
0.3
0.1
2
25%
0
0%
0
0%
2/8
0
2
0
0
0
2
75.0
1
0.4
56.8
41.4
15.4
3.9
3.1
0.0
10
1.6
0.9
0.1
0.2
3.4
1
0
0
0.3
4.9
1.6
3.3
9.7
0.6
0.4
0.0
7
0
0
23
23
90
2
2
1035
0.1
0.4
0.1
1
20%
0
0%
0
0%
2/7
0/3
0
0
2
2
1
71.1
4
0.9
36.9
18.3
18.8
1.2
1.3
0.3
9
1.3
2.7
0.2
0.9
1.9
1
0
0
0.8
6.2
5.1
1.1
14.9
0.7
1.7
0.1
4
0
0
31
24
68
2
8
263
0.3
2.4
0.7
0
11%
0
0%
1/13
8%
5/21
3/54
0
2
6
2
5
48.5
6
1.7
27.4
6.8
21.4
1.1
1.3
0.8
0.3
1.0
0.4
0.9
0.1
0
0
0
0.9
3.9
3.8
0.1
12.0
0.6
1.8
0.2
4
0
0
26
25
84
2
1
2179
0.0
0.6
0.0
0
6%
0
0%
0
0%
0/7
1/9
0
1
0
0
4
71.0
3
0.6
47.8
27.6
20.3
2.0
1.6
0.0
2.3
3.7
0.7
1.5
2.0
0
0
1
0.6
7.1
4.9
2.2
9.6
2.1
0.6
0.0
6
0
0
38
37
88
3
6
560
0.2
1.3
0.5
1
12%
2/2
100%
0/4
0%
4/16
2/33
0
1
5
0
4
82.9
3
1.4
53.4
22.5
31.4
3.0
2.3
0.6
1.2
2.3
0.5
1.7
0.4
1
0
0
1.1
5.7
4.8
0.9
17.9
1.0
1.4
0.0
6
0
0
31
17
57
1
1
1752
0.0
0.7
0.3
1
5%
0
0%
0
0%
1/8
0/13
0
0
1
0
5
40.5
8
1.2
17.7
6.1
12.4
1.3
1.1
0.7
0.5
1.1
0.5
0.9
0.6
1
0
0
1.2
3.2
2.9
0.3
12.9
0.3
0.6
0.1
2
0
0
34
31
84
4
15
190
0.4
2.4
1.1
19
18%
8/9
89%
0
0%
15/76
0/6
1
1
13
5
9
22.9
9
0.8
8.6
2.3
6.4
0.1
0.2
0.1
0.1
0.5
0.6
0.4
0.9
0
0
0
0.8
3.5
2.0
1.5
7.5
0.8
0.7
1.1
1
0
0
25
16
58
3
12
122
0.5
2.4
1.0
9
20%
0/1
0%
0/1
0%
10/38
2/21
1
9
2
0
2
31.9
6
1.2
16.1
4.3
12.0
0.4
0.3
0.2
0.1
0.5
0.8
0.5
0.0
0
1
1
1.3
2.6
2.2
0.3
8.9
1.0
0.5
0.4
1
0
0
