30
30
90
1
1.9
0/6
3.1
0.3
57
50
7
93
64
27
1
24
0
0
0.0
0.0
0.0
0
0%
0
0%
0
0%
0
0
0
0
0
0
0
40.9
0
0.0
19.1
16.6
2.5
4.8
2.5
0.0
7
0.0
0.0
0.0
0.1
0.7
1
0
0
0.1
0.3
0.2
0.1
12.7
0.0
0.1
0.0
2
0
0
36
36
86
0
1
3101
0.0
0.3
0.2
0
10%
0
0%
0
0%
1/9
0/1
1
0
0
0
1
69.9
1
0.1
47.4
35.8
11.5
2.3
2.3
0.0
9
2.3
1.0
0.1
0.7
3.7
0
0
1
0.1
4.2
1.5
2.7
11.1
0.8
0.4
0.0
5
0
1
29
29
90
0
0
0
0.0
0.3
0.1
0
0%
0
0%
0
0%
0/4
0/4
0
0
0
0
1
64.3
1
0.5
32.9
16.6
16.7
0.8
0.7
0.5
8
1.0
2.1
0.3
0.6
1.3
0
1
1
0.1
4.7
3.3
1.3
14.6
1.0
1.2
0.1
5
0
0
30
30
88
0
0
0
0.0
0.6
0.2
1
0%
0
0%
0
0%
0/13
0/5
0
0
0
1
2
72.4
2
0.6
35.7
19.0
16.8
1.1
1.3
0.2
9
1.2
2.8
0.3
0.8
1.7
1
1
1
1.5
6.2
5.7
0.5
15.2
1.1
1.4
0.2
4
0
0
30
29
86
3
3
858
0.1
0.8
0.3
2
13%
0
0%
0
0%
3/22
0/1
3
0
0
1
0
70.8
1
0.2
49.1
34.2
14.9
3.6
3.3
0.0
6
1.4
1.7
0.0
0.5
4.0
0
0
0
0.2
5.6
2.3
3.3
10.8
0.6
0.4
0.0
3
0
1
38
38
90
3
8
428
0.2
1.1
0.6
1
19%
3/4
75%
4/20
20%
4/10
4/33
0
0
8
0
7
82.8
3
1.6
55.3
29.2
27.5
2.1
2.2
1.4
1.1
2.0
0.3
1.1
1.4
0
0
1
0.4
4.4
3.2
1.2
15.6
1.2
0.7
0.0
5
0
0
33
32
84
0
4
693
0.1
1.7
0.3
1
7%
0
0%
0
0%
2/19
2/36
0
2
2
0
5
55.8
4
1.1
30.2
12.6
17.8
1.0
1.2
0.2
0.7
1.8
0.6
1.5
0.6
0
0
0
2.1
5.2
4.9
0.2
14.2
1.0
1.1
0.1
3
0
0
21
20
84
1
1
1767
0.0
0.7
0.2
0
7%
0
0%
0
0%
1/2
0/12
0
0
1
0
1
74.2
3
0.7
50.0
26.7
23.4
1.8
1.8
0.1
1.4
3.3
0.6
2.0
0.7
0
0
0
0.7
6.5
5.0
1.5
13.1
1.4
1.1
0.0
6
0
0
29
17
60
1
2
869
0.1
1.6
0.4
2
4%
0
0%
0
0%
2/29
0/16
0
0
2
0
3
37.7
6
1.0
18.4
6.3
12.3
0.7
0.6
0.1
0.4
1.0
0.8
0.6
0.3
0
0
1
1.3
3.2
2.9
0.3
10.7
1.1
0.5
0.1
1
0
0
36
30
75
1
9
298
0.3
1.5
0.9
17
16%
0
0%
0
0%
8/43
1/12
0
1
8
0
5
29.2
9
1.0
11.9
3.1
8.9
0.7
0.5
0.0
0.1
0.7
0.6
0.3
0.5
0
1
0
0.8
4.4
2.9
1.5
9.7
0.8
1.5
0.5
1
0
0
29
26
75
1
12
182
0.4
2.0
0.9
6
21%
2/2
100%
0
0%
11/44
1/13
1
1
10
0
4
30.5
3
0.8
11.4
3.8
7.8
0.4
0.6
0.1
0.1
0.8
0.6
0.6
0.7
0
1
1
1.0
3.2
2.4
0.8
10.7
0.7
0.6
0.6
1
0
0
