2
2
90
0
1.0
0
1.5
0.0
2
2
0
3
1
2
0
0
0
0
0.0
0.0
0.0
0
0%
0
0%
0
0%
0
0
0
0
0
0
0
32.0
0
0.0
19.5
16.0
3.5
5.5
2.0
0.0
1
0.0
0.0
0.0
0.0
0.0
0
0
0
0.0
0.0
0.0
0.0
6.5
0.0
0.0
0.0
0
0
0
31
29
82
5
2
1273
0.1
0.5
0.2
0
14%
0
0%
0
0%
2/14
0
2
0
0
1
2
55.7
2
0.3
36.4
24.6
11.8
2.3
0.6
0.0
7
3.1
2.0
0.1
0.7
2.2
1
1
0
0.2
6.9
3.3
3.6
6.9
2.3
1.0
0.0
10
0
0
10
9
67
2
4
168
0.4
2.9
1.2
1
14%
0
0%
0/3
0%
2/12
2/17
0
1
3
0
2
55.3
2
1.9
33.9
10.2
24.8
2.6
3.0
1.1
0.1
0.3
1.5
0.6
0.1
0
0
0
1.5
3.7
3.7
0.0
10.9
1.0
1.9
0.0
0
0
0
33
28
80
1
0
0
0.0
0.6
0.1
1
0%
0
0%
0
0%
0/18
0/2
0
0
0
0
2
65.5
5
0.6
46.0
24.4
21.7
2.2
1.8
0.1
7
1.9
1.2
0.4
0.5
2.5
0
1
0
0.3
4.6
2.3
2.3
8.1
0.9
0.8
0.0
8
0
0
36
25
68
2
1
2432
0.0
0.1
0.0
0
25%
0
0%
0
0%
1/3
0/1
0
1
0
0
2
52.3
1
0.3
34.9
22.6
12.3
2.5
0.9
0.0
8
2.2
1.9
0.1
0.7
1.5
2
0
1
0.1
4.0
2.4
1.6
8.3
1.3
0.4
0.1
3
0
0
31
29
82
2
2
1271
0.1
0.9
0.3
2
7%
0
0%
0
0%
2/26
0/3
1
0
1
0
0
65.2
1
0.5
43.4
21.4
22.1
3.1
1.9
0.2
7
1.1
1.6
0.3
0.7
2.0
0
0
2
0.3
3.9
2.4
1.5
11.2
1.2
0.5
0.0
10
0
0
32
30
79
4
11
230
0.3
1.6
0.7
6
21%
0
0%
0
0%
11/48
0/4
3
6
2
0
6
63.7
7
0.9
35.3
13.9
22.0
1.1
1.3
0.6
1.3
1.4
0.6
0.8
1.0
0
0
2
0.8
4.2
3.1
1.1
12.3
1.6
0.8
0.3
7
1
1
34
32
80
1
2
1360
0.1
0.6
0.2
1
10%
0
0%
0
0%
1/12
1/8
0
0
2
0
3
75.5
5
0.9
54.4
21.0
33.6
2.5
1.8
0.1
1.1
1.9
1.0
1.3
0.7
2
0
0
1.1
4.4
3.9
0.5
10.2
1.1
0.9
0.0
5
0
0
15
13
83
0
1
1243
0.1
0.5
0.1
0
13%
0
0%
0
0%
1/4
0/4
0
0
1
0
0
64.6
1
0.3
45.8
20.6
25.2
4.3
2.3
0.0
1.3
1.9
0.4
0.5
1.3
0
0
0
0.1
4.0
2.6
1.4
9.9
1.8
0.5
0.0
2
0
0
28
17
55
4
6
255
0.2
2.1
0.7
2
10%
2/2
100%
0/4
0%
5/29
1/30
0
5
1
2
9
51.1
20
2.2
24.9
5.0
20.9
2.1
1.8
1.0
0.1
0.3
0.7
0.6
0.0
1
0
0
2.0
4.9
4.9
0.0
16.0
0.8
2.5
0.3
2
0
0
36
22
53
8
8
237
0.2
1.9
0.6
3
12%
1/1
100%
1/12
8%
5/28
3/39
0
8
0
0
12
42.9
19
2.2
22.1
4.6
18.7
1.5
1.4
1.2
0.1
0.5
0.7
0.4
0.1
0
0
0
1.4
4.2
3.4
0.8
12.2
1.3
1.5
0.0
3
0
0