37
37
90
3
2.0
1/5
2.8
0.1
74
67
7
105
75
29
0
22
0
0
0.0
0.0
0.0
0
0%
0
0%
0
0%
0
0
0
0
0
0
0
38.6
0
0.0
17.0
13.1
3.9
7.3
2.6
0.0
7
0.0
0.0
0.0
0.0
1.1
1
2
2
0.0
0.4
0.1
0.3
11.9
0.1
0.2
0.0
3
0
0
24
18
66
3
3
525
0.1
0.5
0.3
0
23%
0
0%
0
0%
2/6
1/7
0
0
3
0
1
46.5
2
0.6
22.8
13.2
10.5
1.8
1.1
0.9
4
0.8
1.5
0.3
0.8
1.5
0
1
0
0.5
3.5
2.9
0.6
10.8
0.6
0.9
0.0
2
0
0
36
36
89
2
2
1604
0.1
0.8
0.3
2
7%
0
0%
0
0%
2/27
0/2
1
1
0
0
1
47.4
0
0.1
31.9
25.6
6.3
3.2
1.3
0.0
5
1.7
1.2
0.0
0.8
4.2
0
0
0
0.1
4.3
1.9
2.4
4.8
0.9
0.6
0.0
7
1
1
27
19
65
0
1
1768
0.0
0.3
0.0
0
13%
0
0%
0/1
0%
1/7
0/1
1
0
0
0
0
39.3
1
0.1
22.5
15.7
6.8
2.4
1.7
0.0
2
1.3
1.4
0.0
0.4
3.1
1
0
2
0.1
3.0
1.9
1.1
7.3
1.0
0.4
0.0
6
0
0
25
17
63
1
2
789
0.1
0.3
0.1
0
29%
0
0%
0
0%
2/7
0
1
0
1
0
0
39.5
1
0.2
26.5
18.4
8.1
2.2
1.3
0.0
3
0.8
0.8
0.0
0.5
2.2
0
0
0
0.0
2.9
1.8
1.1
5.2
0.8
1.0
0.0
3
1
1
17
12
61
1
5
207
0.3
1.1
0.5
0
28%
4/4
100%
0/2
0%
5/8
0/10
0
5
0
0
3
38.5
2
1.1
18.9
9.1
10.5
1.4
1.9
0.7
0.5
0.9
0.3
1.3
0.4
0
0
0
0.7
3.4
3.0
0.4
11.7
0.8
1.4
0.0
1
0
0
30
17
54
0
2
803
0.1
1.3
0.4
6
5%
0
0%
0
0%
2/27
0/11
0
2
0
0
4
27.7
4
1.3
15.6
5.7
10.8
1.1
0.8
0.8
0.2
0.5
0.7
0.7
0.3
0
0
0
0.6
1.8
1.7
0.2
6.4
0.4
0.5
0.1
3
0
0
11
4
33
0
1
360
0.1
1.0
0.1
0
9%
0
0%
0
0%
0/5
1/6
0
1
0
0
1
25.5
1
1.2
13.6
3.7
10.5
0.5
0.6
0.5
0.0
0.4
0.3
0.5
0.1
0
0
0
0.6
1.4
1.3
0.1
7.3
0.0
0.3
0.0
0
0
0
29
26
78
1
1
2253
0.0
0.4
0.2
0
9%
0
0%
0
0%
1/7
0/4
0
1
0
0
1
56.2
3
0.9
37.4
18.3
19.2
2.5
2.6
0.1
1.1
1.3
0.1
1.0
1.0
1
1
0
0.5
4.1
3.7
0.4
10.2
1.2
1.9
0.0
14
0
1
30
23
63
1
5
376
0.2
1.6
0.5
3
10%
0/1
0%
0/8
0%
2/26
3/22
0
2
3
1
6
38.2
2
1.2
15.9
5.5
11.1
0.8
0.4
0.8
0.6
0.5
0.6
0.9
0.2
0
0
0
1.7
4.2
4.1
0.1
12.5
0.8
1.8
0.3
3
0
1
37
29
70
0
8
322
0.2
2.1
0.8
12
11%
0/1
0%
0/5
0%
8/62
0/14
0
5
3
3
2
23.3
6
0.9
8.6
2.5
6.1
0.3
0.1
0.0
0.1
0.6
0.5
0.5
0.4
0
0
0
0.4
3.8
2.8
0.9
6.9
1.3
1.8
0.9
2
0
0