28
28
90
3
1.6
2/7
3.7
0.2
46
39
7
103
64
38
2
16
0
0
0.0
0.0
0.0
0
0%
0
0%
0
0%
0
0
0
0
0
0
0
40.4
0
0.0
21.0
19.3
1.8
4.3
1.8
0.0
4
0.0
0.0
0.0
0.1
1.2
2
3
0
0.0
0.3
0.1
0.2
7.6
0.0
0.0
0.0
1
0
6
3
61
0
1
364
0.2
0.3
0.2
0
50%
0
0%
0
0%
1/2
0
1
0
0
0
0
47.8
0
0.2
32.5
21.8
10.7
1.2
1.7
0.0
0
1.8
1.5
0.2
0.2
2.7
0
0
0
0.0
5.3
1.8
3.5
7.0
0.5
0.3
0.0
0
0
0
20
19
88
1
1
1755
0.1
0.4
0.1
1
13%
0
0%
0
0%
1/8
0
0
0
1
0
0
57.5
0
0.1
40.9
28.7
12.2
1.6
0.8
0.0
2
1.0
1.2
0.0
0.3
3.3
0
0
3
0.3
5.5
2.5
3.0
5.7
1.6
0.9
0.0
4
0
0
31
31
88
2
2
1359
0.1
0.5
0.1
2
13%
0
0%
0
0%
2/9
0/7
1
0
1
0
0
66.9
0
0.3
40.0
21.3
18.8
3.0
2.0
0.2
4
1.7
1.5
0.1
0.4
3.3
0
0
0
0.5
5.4
2.4
2.9
11.7
1.0
0.4
0.1
4
0
0
35
34
89
0
0
0
0.0
0.5
0.1
1
0%
0
0%
0
0%
0/15
0/1
0
0
0
0
1
60.5
3
0.3
40.3
28.1
12.1
5.1
5.1
0.0
5
1.5
0.9
0.0
0.6
3.3
1
1
2
0.1
3.7
1.4
2.3
10.4
1.1
0.4
0.0
8
0
0
37
37
88
2
9
362
0.2
1.6
0.5
5
15%
0
0%
0
0%
7/30
2/31
2
2
5
2
6
53.9
15
1.5
32.6
10.5
22.4
1.1
1.3
0.2
0.5
1.3
0.6
1.3
1.1
0
0
0
1.0
4.5
3.6
0.9
10.9
2.0
1.3
0.1
5
0
0
34
21
52
0
7
252
0.2
1.6
0.6
10
13%
3/3
100%
0/11
0%
7/34
0/22
1
4
2
0
3
32.1
4
0.9
12.6
4.7
8.7
0.7
0.4
0.8
0.3
1.1
0.4
0.7
0.6
0
0
1
1.1
4.2
3.4
0.7
10.7
0.6
1.3
0.2
0
0
0
34
28
74
0
1
2519
0.0
0.3
0.1
0
11%
0
0%
0
0%
0
1/9
0
0
1
0
1
53.0
4
0.7
35.4
16.4
19.1
2.2
1.2
0.1
2.3
1.5
0.6
0.6
1.0
4
2
1
1.1
4.3
3.2
1.1
8.0
1.4
0.7
0.0
8
0
1
28
15
45
0
1
1257
0.0
0.6
0.2
2
6%
0
0%
0
0%
1/9
0/9
0
0
1
0
0
33.9
2
0.7
21.7
10.0
11.8
1.1
0.9
0.1
0.9
1.7
0.3
0.8
0.7
0
0
1
0.3
3.3
2.6
0.7
5.0
0.8
0.5
0.0
8
0
0
38
34
77
4
8
367
0.2
2.3
1.0
8
9%
0/1
0%
0/6
0%
5/40
3/49
2
1
5
0
8
44.4
13
1.6
20.3
6.2
15.1
1.4
1.2
0.9
0.3
0.7
0.8
0.4
0.3
0
0
0
0.9
3.0
2.4
0.6
14.5
0.4
0.8
0.3
0
0
0
36
28
70
1
5
502
0.1
1.5
0.6
11
9%
0
0%
0
0%
5/44
0/10
1
2
2
1
5
39.5
7
1.1
19.6
5.6
14.3
0.6
0.7
0.3
0.2
0.4
0.8
0.4
0.8
0
0
0
1.0
4.3
3.3
1.0
11.7
1.1
2.0
1.0
5
0
0