13
11
85
0
1.8
0/3
2.5
0.1
23
21
2
32
24
8
0
6
0
0
0.0
0.0
0.0
0
0%
0
0%
0
0%
0
0
0
0
0
0
0
32.2
0
0.0
17.8
16.5
1.4
4.9
1.5
0.0
0
0.0
0.1
0.0
0.0
0.5
0
0
0
0.0
0.2
0.2
0.1
7.5
0.0
0.1
0.0
0
0
0
20
16
76
0
1
1522
0.1
0.2
0.1
1
25%
0
0%
0
0%
1/4
0
0
0
1
0
0
49.9
0
0.2
28.8
18.5
10.3
1.6
1.4
0.0
1
1.4
1.9
0.1
0.5
3.5
0
0
0
0.3
3.8
2.4
1.4
8.9
1.1
0.1
0.1
4
0
0
13
8
62
0
0
0
0.0
0.2
0.0
1
0%
0
0%
0
0%
0/2
0
0
0
0
0
0
49.4
0
0.0
30.8
21.2
9.7
1.5
1.3
0.0
2
1.4
2.0
0.2
0.4
1.5
1
0
0
0.2
4.4
2.7
1.7
9.5
1.2
0.5
0.0
4
0
0
28
25
78
0
1
2184
0.0
0.3
0.1
1
13%
0
0%
0
0%
1/8
0
1
0
0
0
2
50.0
0
0.3
31.0
19.7
11.3
2.0
1.9
0.0
1
1.6
1.9
0.1
0.9
2.6
1
0
1
0.3
4.2
2.6
1.5
8.3
2.3
0.5
0.0
10
0
0
21
18
76
0
0
0
0.0
0.2
0.1
0
0%
0
0%
0
0%
0/4
0
0
0
0
0
0
57.0
0
0.0
42.4
34.0
8.5
2.2
1.2
0.0
3
1.2
1.2
0.0
0.4
2.6
0
1
1
0.0
2.7
1.7
1.0
6.4
1.7
0.5
0.0
8
0
0
14
13
67
0
0
0
0.0
1.1
0.1
0
0%
0
0%
0/3
0%
0/1
0/14
0
0
0
1
0
64.2
1
1.1
43.9
22.1
22.6
4.1
4.6
0.8
0.9
1.9
0.4
1.1
0.6
0
0
0
0.6
4.4
3.6
0.7
11.0
1.9
1.3
0.0
3
1
1
30
28
77
0
2
1159
0.1
1.0
0.2
1
7%
0
0%
0
0%
1/15
1/15
0
1
1
4
3
47.7
4
0.9
18.9
10.1
9.3
0.8
0.4
0.5
1.7
1.1
0.5
1.2
1.9
0
0
0
1.2
4.3
3.2
1.1
13.4
1.1
0.8
0.2
7
0
0
29
28
80
0
1
2321
0.0
0.5
0.2
1
7%
0
0%
0
0%
0/7
1/8
0
0
1
0
4
49.2
4
0.8
26.1
14.0
12.9
2.1
1.4
0.8
0.6
1.3
0.4
0.6
1.0
0
0
0
0.9
4.3
3.6
0.7
11.3
0.8
1.3
0.1
1
0
0
18
15
68
0
0
0
0.0
0.6
0.2
0
0%
0
0%
0
0%
0/6
0/4
0
0
0
0
1
52.5
2
0.8
35.9
20.1
16.3
1.7
1.4
0.5
0.3
1.1
0.3
1.5
0.8
0
0
0
0.5
3.0
2.4
0.6
9.4
0.7
0.9
0.1
2
0
0
22
18
69
2
4
379
0.2
1.4
0.5
3
13%
0
0%
0
0%
3/17
1/14
0
3
1
0
3
43.7
7
1.4
20.7
7.5
13.7
1.9
1.4
0.5
0.3
0.5
0.5
0.8
0.0
0
0
0
3.5
6.4
5.8
0.5
12.3
0.6
1.8
0.5
1
0
0
36
36
89
4
9
357
0.3
2.7
0.9
7
9%
0
0%
1/9
11%
6/46
3/52
0
7
2
1
4
56.1
6
0.9
23.3
8.3
15.6
1.4
1.3
0.7
1.0
1.7
0.7
1.3
1.1
0
0
0
2.9
8.1
7.1
1.0
16.3
0.9
2.6
0.1
6
0
0