4
4
90
0
1.5
0
3.8
0.0
6
4
2
15
9
6
0
4
0
0
0.0
0.0
0.0
0
0%
0
0%
0
0%
0
0
0
0
0
0
0
31.8
0
0.0
14.0
8.8
5.3
7.3
2.3
0.0
1
0.0
0.0
0.0
0.0
0.8
0
0
0
0.0
0.3
0.3
0.0
8.3
0.0
0.3
0.0
0
0
0
11
9
74
0
0
0
0.0
0.6
0.0
0
0%
0
0%
0
0%
0/7
0
0
0
0
0
1
51.4
0
0.2
35.8
27.5
8.4
2.4
1.8
0.0
0
1.2
1.6
0.0
0.5
3.9
0
0
1
0.9
4.5
2.8
1.6
4.5
1.2
0.3
0.0
3
0
0
18
18
83
0
0
0
0.0
0.3
0.1
0
0%
0
0%
0
0%
0/5
0/1
0
0
0
0
0
49.3
0
0.1
28.6
19.0
9.7
2.1
1.8
0.1
1
0.9
1.7
0.1
0.9
3.4
0
0
0
0.2
3.6
2.2
1.4
9.9
0.5
0.3
0.0
2
0
0
19
16
77
1
0
0
0.0
0.4
0.1
0
0%
0
0%
0
0%
0/7
0
0
0
0
0
0
54.0
0
0.1
36.5
24.9
11.6
2.8
2.5
0.1
3
1.3
1.3
0.1
0.6
3.0
0
1
0
0.1
4.5
1.9
2.6
8.1
0.8
0.7
0.1
3
0
0
31
29
78
0
4
608
0.1
0.9
0.3
1
14%
0
0%
2/9
22%
1/12
3/16
0
4
0
0
2
50.5
1
0.5
20.5
11.1
10.1
1.3
1.4
0.7
2
1.0
1.1
0.1
0.5
2.5
0
0
1
0.4
4.1
2.2
1.9
14.5
0.9
0.8
0.1
6
2
2
37
35
80
1
3
992
0.1
0.7
0.3
2
11%
0
0%
0/1
0%
1/8
2/19
0
1
2
0
6
56.8
2
1.9
35.9
16.7
20.6
2.4
1.8
1.4
0.8
1.5
0.3
0.7
0.4
0
0
0
0.9
3.3
3.0
0.3
11.5
1.3
0.6
0.1
6
0
0
14
14
83
0
0
0
0.0
0.6
0.1
0
0%
0
0%
0
0%
0
0/8
0
0
0
0
0
59.1
0
0.6
38.5
18.8
19.9
1.6
1.6
0.1
1.4
2.9
0.9
1.5
0.9
0
0
0
1.4
6.3
5.9
0.4
8.8
2.4
1.6
0.0
2
0
0
26
22
73
0
1
1894
0.0
2.0
0.2
0
2%
0
0%
0
0%
0/9
1/43
0
0
1
0
0
47.5
2
0.9
24.4
9.7
15.4
2.6
2.0
0.7
0.6
1.6
0.6
0.6
0.6
1
0
0
1.1
4.2
3.5
0.7
12.6
0.8
0.8
0.0
5
0
0
32
31
86
2
2
1370
0.1
1.0
0.4
2
6%
0
0%
0
0%
2/18
0/14
0
1
1
0
2
52.7
4
1.0
24.0
10.6
14.2
1.0
1.3
0.8
0.7
1.8
0.8
1.3
1.5
0
0
0
1.2
6.1
4.7
1.3
14.1
1.3
1.8
0.3
8
0
1
37
37
88
3
16
204
0.4
2.1
0.9
6
21%
4/5
80%
0/3
0%
15/61
1/15
2
0
14
3
3
40.2
10
1.0
18.4
6.0
12.5
1.2
1.1
0.1
0.4
0.4
0.6
0.7
0.7
0
0
0
1.1
5.8
4.0
1.8
11.3
1.2
2.6
0.3
4
0
0
21
12
57
0
2
595
0.1
1.2
0.4
1
8%
0
0%
0
0%
2/19
0/6
1
1
0
0
1
28.6
2
0.8
13.0
3.0
10.3
0.8
0.5
0.3
0.2
0.3
0.5
0.3
0.1
0
0
0
1.9
4.0
3.9
0.1
8.4
0.8
1.7
0.0
3
0
0