36
36
87
3
1.5
2/10
2.4
0.2
55
47
8
87
55
32
0
22
0
0
0.0
0.0
0.0
0
0%
0
0%
0
0%
0
0
0
0
0
0
1
34.0
0
0.0
15.0
11.1
3.9
6.4
1.5
0.0
7
0.0
0.0
0.0
0.0
0.8
1
0
1
0.0
0.3
0.1
0.2
9.9
0.0
0.1
0.0
0
0
1
2
1
46
0
0
0
0.0
0.0
0.0
0
0%
0
0%
0
0%
0
0
0
0
0
0
0
22.5
0
0.0
13.0
6.5
6.5
2.5
1.0
0.0
1
0.0
1.0
0.0
0.0
4.0
0
0
0
0.0
2.0
1.5
0.5
2.0
0.5
0.5
0.0
0
0
0
21
15
71
0
1
1482
0.0
0.8
0.2
2
6%
0
0%
0
0%
1/12
0/4
1
0
0
0
0
51.0
0
0.3
30.6
17.8
13.0
2.7
2.1
0.1
2
1.9
1.5
0.2
1.1
2.1
0
0
1
0.7
4.0
2.7
1.3
9.2
1.1
0.5
0.0
4
0
1
32
32
86
1
1
2748
0.0
0.5
0.1
1
6%
0
0%
0
0%
1/16
0
1
0
0
0
0
45.8
1
0.1
31.2
23.8
7.4
2.0
0.9
0.0
5
1.1
1.1
0.0
0.4
3.3
1
0
2
0.0
3.7
1.6
2.1
6.1
1.0
0.5
0.1
5
0
0
21
13
56
0
0
0
0.0
0.0
0.0
1
0%
0
0%
0
0%
0/1
0
0
0
0
0
0
45.2
0
0.1
33.4
18.2
15.2
1.9
1.2
0.0
5
1.1
0.7
0.1
0.2
1.6
0
0
1
0.3
1.8
1.3
0.5
5.0
1.0
0.3
0.0
5
0
0
35
31
80
1
1
2809
0.0
0.7
0.2
2
4%
0
0%
0/7
0%
1/14
0/11
0
1
0
0
5
58.3
10
1.5
25.9
9.9
17.8
1.5
1.5
1.9
0.8
1.2
0.3
0.5
1.4
2
1
0
0.4
2.5
2.2
0.3
17.6
0.8
0.7
0.1
8
0
0
31
21
65
0
1
2001
0.0
0.5
0.1
0
6%
0
0%
1/4
25%
0/1
1/15
0
0
1
0
3
46.3
2
0.7
29.3
13.4
16.6
2.1
1.5
0.7
1.3
1.3
0.2
0.9
1.3
1
0
1
0.4
3.3
2.4
0.9
8.2
0.7
0.7
0.0
8
0
0
34
27
67
1
3
756
0.1
1.3
0.4
2
7%
0
0%
0/1
0%
1/16
2/28
0
2
1
1
2
39.3
5
0.7
22.1
8.4
14.0
1.4
1.4
0.3
1.1
1.0
0.6
1.1
0.3
0
0
0
1.2
4.2
3.4
0.9
8.3
1.1
1.2
0.2
5
0
0
16
6
46
0
2
370
0.1
0.8
0.3
0
15%
0
0%
0/1
0%
2/8
0/5
0
0
2
0
0
29.4
1
0.5
15.6
4.0
11.9
1.6
1.3
0.4
0.4
0.9
0.3
0.4
0.4
0
0
0
0.2
2.4
1.8
0.6
7.8
0.8
0.7
0.0
2
0
0
37
34
79
3
21
140
0.6
2.3
1.1
12
24%
6/6
100%
0/1
0%
20/72
1/14
2
18
1
2
3
31.4
3
0.5
10.6
3.3
7.4
0.4
0.4
0.0
0.1
0.4
0.4
0.3
0.4
0
0
0
0.7
6.1
3.0
3.1
12.1
1.4
1.9
0.7
1
0
0
29
28
75
1
2
1085
0.1
0.7
0.3
3
10%
0
0%
0
0%
2/17
0/4
0
1
1
1
6
46.5
10
1.2
26.1
6.7
19.4
1.5
1.0
0.1
0.1
0.8
0.6
0.8
0.0
0
0
0
2.2
5.8
5.6
0.2
11.2
1.2
2.5
0.2
6
0
1