37
37
88
3
0.9
2/6
2.1
0.1
33
27
6
78
54
24
2
16
0
0
0.0
0.0
0.0
0
0%
0
0%
0
0%
0
0
0
0
0
0
0
32.2
0
0.0
21.1
19.6
1.5
3.8
2.0
0.0
14
0.0
0.0
0.0
0.0
0.2
0
3
0
0.0
0.3
0.1
0.2
3.9
0.0
0.1
0.0
1
0
0
8
8
88
1
0
0
0.0
1.1
0.3
2
0%
0
0%
0
0%
0/9
0
0
0
0
0
1
71.8
2
0.4
58.3
41.8
16.5
2.5
1.3
0.0
3
1.5
1.6
0.0
0.1
2.4
0
0
0
0.0
5.0
2.4
2.6
4.0
1.6
0.9
0.1
2
0
0
33
33
89
2
0
0
0.0
0.3
0.0
2
0%
0
0%
0
0%
0/10
0
0
0
0
0
3
79.2
3
0.4
61.5
38.0
23.6
4.6
3.3
0.1
14
1.2
1.1
0.1
0.3
2.2
0
0
0
0.4
3.8
2.2
1.5
8.2
1.2
0.8
0.0
6
0
0
32
31
87
3
3
926
0.1
0.5
0.2
3
20%
0
0%
0
0%
3/14
0/1
2
0
1
0
0
78.5
0
0.3
62.2
40.7
21.6
2.6
1.7
0.1
12
0.9
1.5
0.1
0.3
2.7
1
0
0
0.2
3.5
2.5
1.0
6.5
1.1
0.8
0.0
1
0
0
32
30
85
0
1
2732
0.0
0.4
0.1
0
8%
0
0%
0
0%
1/12
0
1
0
0
0
0
69.4
1
0.2
57.4
40.1
17.3
2.7
1.2
0.0
11
1.3
0.9
0.1
0.3
2.9
0
0
0
0.2
3.3
1.3
2.0
4.2
0.6
0.3
0.0
2
0
0
33
29
78
3
2
1293
0.1
0.8
0.1
0
8%
0
0%
0/1
0%
1/4
1/21
0
1
1
0
6
79.0
9
1.4
59.7
27.4
33.4
4.3
3.1
1.0
1.2
1.6
0.5
1.2
1.1
0
0
0
0.3
3.0
2.3
0.6
10.0
1.0
0.4
0.0
7
1
1
36
32
81
3
3
967
0.1
1.0
0.2
3
8%
0
0%
0
0%
2/12
1/24
0
0
3
0
7
65.8
9
1.3
43.4
16.3
27.5
2.2
2.4
0.4
0.7
1.6
0.7
1.4
0.3
0
0
1
1.0
4.9
4.0
0.9
12.6
1.2
1.5
0.1
5
0
0
37
29
72
2
7
382
0.2
1.1
0.4
6
18%
0
0%
0/2
0%
6/26
1/13
0
5
2
2
8
52.6
9
1.0
27.6
10.4
18.0
0.9
0.5
0.8
0.6
1.4
0.4
0.7
0.4
1
0
0
0.9
3.7
3.3
0.4
10.7
0.8
1.0
0.2
6
0
0
29
16
47
1
3
458
0.1
0.3
0.1
1
33%
0
0%
0
0%
3/9
0
0
1
2
1
3
27.6
1
0.4
13.3
7.1
6.6
0.7
0.2
0.3
0.8
1.2
0.2
0.5
1.3
0
0
1
0.1
2.5
2.0
0.6
5.0
0.8
0.7
0.1
5
0
0
36
32
80
6
24
120
0.7
2.7
1.3
19
25%
6/6
100%
0/1
0%
23/82
1/14
1
16
6
0
11
35.4
10
1.4
14.8
4.0
10.9
0.4
0.5
0.1
0.1
0.3
0.4
0.2
0.9
0
0
0
1.5
4.4
3.1
1.3
11.6
0.9
1.3
0.5
4
0
0
38
30
68
5
17
152
0.4
2.9
1.1
12
16%
2/2
100%
0
0%
16/85
1/24
4
6
7
3
6
28.8
9
1.0
9.9
2.3
7.6
0.6
0.6
0.1
0.7
0.7
0.8
0.4
0.3
0
0
0
0.9
3.9
3.2
0.7
9.2
1.7
1.6
0.3
5
0
0