30
30
89
1
1.1
2/6
2.4
0.1
32
29
3
71
32
36
2
25
0
0
0.0
0.0
0.0
0
0%
0
0%
0
0%
0
0
0
0
0
0
1
37.9
0
0.0
26.2
25.2
1.1
4.3
1.9
0.0
5
0.1
0.0
0.0
0.0
0.7
0
1
0
0.0
0.3
0.1
0.2
3.2
0.0
0.0
0.0
0
0
0
30
26
73
7
2
1089
0.1
0.6
0.2
2
11%
1/1
100%
0
0%
1/15
1/4
0
0
2
2
10
72.4
17
2.0
43.3
19.3
25.5
2.8
1.9
1.4
3
1.4
1.4
0.4
1.0
0.5
2
0
0
1.5
5.5
5.1
0.4
13.9
1.1
2.2
0.1
9
0
1
34
32
86
1
1
2918
0.0
0.6
0.1
3
5%
0
0%
0
0%
0/7
1/12
0
0
1
0
4
83.4
6
0.8
59.8
31.0
29.1
3.1
2.5
0.4
7
1.9
1.8
0.2
0.9
1.8
2
0
0
0.6
3.9
3.1
0.9
9.6
0.7
0.6
0.1
6
0
0
27
25
82
1
1
2224
0.0
0.7
0.2
0
5%
0
0%
0
0%
1/19
0
1
0
0
0
1
74.1
1
0.3
59.1
37.6
21.6
2.6
0.9
0.1
3
1.1
1.4
0.0
0.4
2.4
0
0
1
0.2
4.6
2.4
2.1
5.6
1.5
0.9
0.1
4
0
0
17
10
64
0
0
0
0.0
0.5
0.1
1
0%
0
0%
0
0%
0/7
0/1
0
0
0
1
0
52.4
1
1.1
31.4
15.1
16.9
2.5
1.8
0.6
2
0.8
0.9
0.2
0.4
1.4
0
0
0
0.5
3.7
2.6
1.1
9.1
0.9
1.2
0.0
1
0
0
33
31
75
4
9
275
0.3
2.1
0.8
5
13%
0
0%
0
0%
8/49
1/21
0
4
5
2
9
41.5
18
1.5
19.0
6.2
13.6
1.1
1.0
0.7
0.4
1.6
0.5
1.1
0.5
0
0
0
1.6
4.6
4.4
0.2
10.2
1.0
1.2
0.4
3
0
1
34
25
68
2
4
580
0.1
1.0
0.4
1
12%
0
0%
0
0%
3/22
1/11
0
3
1
0
2
54.6
2
0.3
37.7
17.7
20.1
1.2
0.8
0.1
1.3
2.1
0.4
0.9
0.8
1
0
2
1.1
4.9
3.8
1.1
6.4
1.3
0.6
0.0
5
1
1
33
27
71
2
0
0
0.0
0.5
0.2
0
0%
0
0%
0
0%
0/3
0/12
0
0
0
0
4
67.8
5
0.9
49.4
23.4
26.3
3.2
2.0
0.3
1.4
1.9
0.3
1.2
1.2
1
0
0
1.1
4.7
3.8
0.9
8.2
1.4
0.8
0.1
6
1
1
22
13
50
2
2
551
0.1
1.1
0.5
6
8%
0
0%
0
0%
2/18
0/6
0
1
1
1
4
40.6
6
1.4
27.7
10.9
17.4
1.5
1.2
0.5
0.3
1.0
0.4
0.8
0.3
2
0
0
0.5
2.6
2.3
0.4
6.8
0.9
0.8
0.1
2
0
0
33
31
85
5
29
97
0.9
5.1
2.1
27
17%
6/8
75%
0/17
0%
28/104
1/64
7
6
16
1
3
47.8
5
1.1
24.5
5.7
19.2
0.5
0.5
0.4
0.2
0.2
0.7
0.4
0.5
1
0
0
1.8
3.9
3.2
0.7
11.3
0.5
1.3
0.9
3
0
0
20
14
57
0
4
285
0.2
2.5
0.8
5
8%
0
0%
0/5
0%
4/25
0/26
0
2
2
0
3
47.5
4
1.5
27.8
7.8
20.9
1.5
1.4
0.8
0.1
0.7
0.5
0.6
0.1
0
0
0
1.4
3.6
3.5
0.1
10.1
0.5
1.4
0.1
0
0
0