29
29
90
1
1.4
0/8
2.6
0.2
41
37
4
76
45
29
2
16
0
0
0.0
0.0
0.0
0
0%
0
0%
0
0%
0
0
0
0
0
0
0
42.7
0
0.0
27.7
25.1
2.6
7.4
3.6
0.0
9
0.0
0.0
0.0
0.0
0.5
0
0
0
0.0
0.2
0.1
0.1
7.1
0.0
0.0
0.0
1
0
0
32
32
88
1
0
0
0.0
0.3
0.0
1
0%
0
0%
0
0%
0/8
0/1
0
0
0
0
1
77.8
2
0.3
57.0
36.9
20.4
5.3
3.8
0.3
10
2.4
1.6
0.1
0.7
3.6
2
0
0
0.2
4.5
2.5
1.9
8.7
1.0
0.8
0.1
7
1
1
31
30
80
2
0
0
0.0
0.2
0.0
0
0%
0
0%
0
0%
0/5
0/1
0
0
0
0
3
62.7
3
0.6
42.2
22.3
20.5
3.0
2.7
0.6
7
1.5
1.4
0.1
0.5
2.3
0
1
0
0.4
3.8
2.5
1.4
9.8
0.6
0.7
0.0
2
0
0
14
10
65
0
0
0
0.0
0.3
0.0
1
0%
0
0%
0
0%
0/3
0/1
0
0
0
0
0
49.4
1
0.2
35.4
23.3
12.2
1.6
0.8
0.1
1
1.5
2.3
0.1
0.6
1.9
1
0
0
0.1
4.0
2.9
1.1
4.4
1.0
0.6
0.1
5
0
0
17
10
56
0
0
0
0.0
0.1
0.0
0
0%
0
0%
0
0%
0/1
0/1
0
0
0
0
0
47.5
0
0.2
35.8
21.7
14.1
5.1
2.0
0.0
1
1.0
1.3
0.0
0.4
2.8
0
1
2
0.2
2.7
1.6
1.1
4.6
0.6
0.1
0.0
6
0
0
34
33
78
6
9
293
0.3
2.0
0.9
3
13%
0
0%
0/3
0%
6/31
3/38
1
0
8
0
2
70.8
10
2.4
42.4
12.9
30.3
2.6
2.2
0.9
0.4
1.3
0.8
1.7
0.3
1
0
0
1.5
4.1
3.8
0.3
17.5
0.6
1.1
0.1
5
0
0
32
32
86
3
8
344
0.3
2.0
0.7
8
13%
0
0%
4/11
36%
4/37
4/26
3
0
5
2
9
74.1
10
1.3
42.6
18.1
25.0
3.7
3.9
0.5
1.0
1.8
0.9
1.8
1.3
0
0
2
0.9
7.4
4.2
3.3
17.8
1.8
1.6
0.3
4
0
0
32
30
67
0
0
0
0.0
0.4
0.1
0
0%
0
0%
0
0%
0/2
0/10
0
0
0
0
0
55.6
0
0.2
39.7
17.9
21.8
1.7
0.9
0.1
1.8
2.1
0.3
1.8
0.7
0
0
0
0.3
4.6
3.1
1.5
7.6
1.5
0.8
0.0
10
0
0
1
0
8
0
0
0
0.0
0.0
0.0
0
0%
0
0%
0
0%
0
0
0
0
0
0
0
5.0
0
0.0
2.0
1.0
1.0
0.0
0.0
0.0
0.0
1.0
0.0
0.0
0.0
0
0
0
1.0
2.0
2.0
0.0
0.0
0.0
0.0
0.0
0
0
0
35
34
82
4
20
143
0.6
3.4
1.5
16
17%
4/8
50%
0
0%
19/95
1/25
3
3
14
3
6
38.0
11
1.5
18.3
4.9
13.6
0.6
0.6
0.1
0.2
0.4
0.6
0.4
0.2
0
0
0
0.8
3.2
2.4
0.8
10.8
1.1
1.3
0.9
3
0
1
28
25
69
1
8
243
0.3
1.9
0.8
6
15%
1/1
100%
0
0%
8/47
0/7
0
4
4
3
3
40.2
3
1.0
20.3
4.8
15.7
0.9
0.6
0.1
0.3
0.8
0.4
0.6
0.4
0
0
0
1.3
4.3
3.8
0.5
10.8
0.9
1.9
0.1
1
1
1