37
37
90
1
1.0
1/4
2.5
0.2
38
34
4
92
65
24
1
20
0
0
0.0
0.0
0.0
0
0%
0
0%
0
0%
0
0
0
0
0
0
0
37.9
0
0.0
22.5
19.9
2.6
5.5
3.5
0.0
14
0.0
0.0
0.0
0.0
0.9
1
1
0
0.0
0.3
0.1
0.2
6.8
0.0
0.1
0.0
1
0
0
28
28
86
3
0
0
0.0
0.6
0.1
1
0%
0
0%
0/1
0%
0/13
0/3
0
0
0
0
2
64.5
2
0.3
46.4
34.1
12.4
4.2
3.0
0.0
8
1.5
1.6
0.0
0.4
4.3
0
0
0
0.0
3.9
1.9
2.0
7.0
0.9
0.4
0.0
3
0
0
33
33
89
5
7
419
0.2
1.4
0.4
3
15%
0
0%
0/3
0%
6/26
1/21
2
5
0
2
5
75.1
6
1.3
39.9
17.2
23.2
1.9
1.4
0.5
9
1.0
1.5
0.3
0.6
1.5
3
2
0
2.2
7.6
6.1
1.6
15.2
1.2
2.5
0.2
9
0
0
17
16
86
1
1
1466
0.1
0.3
0.2
2
20%
0
0%
0
0%
1/5
0
1
0
0
0
0
64.8
0
0.0
47.5
36.0
11.5
2.8
1.2
0.0
7
1.1
1.6
0.2
0.4
3.5
1
0
0
0.2
3.7
1.9
1.8
6.9
0.8
0.1
0.0
0
0
0
8
7
70
0
0
0
0.0
0.6
0.0
1
0%
0
0%
0
0%
0/4
0/1
0
0
0
0
0
52.6
0
0.0
41.3
31.0
10.3
2.8
1.0
0.0
3
0.4
1.1
0.0
0.0
2.5
0
0
0
0.0
3.9
1.8
2.1
4.0
0.6
0.6
0.0
2
0
0
33
30
80
5
4
656
0.1
2.5
0.7
1
5%
1/1
100%
0/16
0%
4/23
0/60
0
0
4
1
9
62.5
10
3.0
35.0
10.4
26.8
2.3
2.2
2.2
0.5
0.8
0.7
0.6
0.5
1
0
0
1.1
3.7
3.2
0.5
15.6
0.9
1.3
0.1
4
0
0
37
36
87
1
13
248
0.4
1.3
0.6
7
27%
11/13
85%
0
0%
13/42
0/7
0
0
13
1
4
69.1
5
0.8
47.9
23.5
24.4
2.8
2.0
0.1
1.2
1.4
0.6
0.5
1.3
0
0
1
1.2
5.2
3.7
1.5
9.4
1.8
1.1
0.0
8
0
0
21
17
64
0
0
0
0.0
0.6
0.0
1
0%
0
0%
0
0%
0/2
0/10
0
0
0
1
2
57.9
1
0.2
40.4
19.9
20.6
2.5
2.4
0.0
1.0
1.9
0.1
0.8
0.6
0
0
1
1.4
5.2
4.6
0.6
8.4
1.0
1.4
0.0
4
0
0
27
15
46
0
4
311
0.1
1.0
0.3
2
15%
0
0%
0
0%
4/16
0/10
0
3
1
1
3
27.0
2
0.7
15.0
4.3
10.9
0.5
0.4
0.2
0.1
0.7
0.4
0.5
0.1
0
0
0
0.9
2.8
2.7
0.1
6.3
0.5
1.1
0.0
2
0
0
19
18
79
5
15
100
0.8
4.3
2.1
14
19%
3/6
50%
0/7
0%
15/62
0/19
3
4
8
2
2
41.7
2
1.1
19.8
3.8
16.0
0.6
0.6
0.1
0.3
0.3
0.4
0.2
1.4
0
1
0
0.6
6.5
2.0
4.5
11.5
1.7
1.3
2.1
2
0
1
27
20
66
1
11
162
0.4
1.6
0.9
6
26%
0
0%
0
0%
9/34
2/9
2
2
7
3
4
29.3
8
1.3
10.0
1.7
8.8
0.3
0.3
0.5
0.3
1.0
0.6
1.1
0.6
0
0
0
0.7
3.1
2.2
0.9
11.0
1.2
0.5
0.4
4
0
1