16
16
90
1
0.8
0/3
1.9
0.1
12
11
1
30
19
11
0
8
0
0
0.0
0.0
0.0
0
0%
0
0%
0
0%
0
0
0
0
0
0
1
38.1
0
0.1
25.1
23.2
1.9
5.9
2.7
0.0
8
0.0
0.0
0.0
0.0
0.8
0
0
1
0.0
0.6
0.1
0.5
5.8
0.1
0.2
0.0
2
0
0
36
36
90
7
3
1080
0.1
0.8
0.3
4
11%
0
0%
0
0%
3/22
0/6
0
1
2
1
6
85.0
9
1.4
52.9
25.7
27.6
2.3
2.3
0.4
12
1.0
2.2
0.3
0.9
1.4
1
0
1
0.8
6.2
4.7
1.6
12.0
1.4
1.7
0.1
11
0
0
26
25
85
2
0
0
0.0
0.4
0.1
1
0%
0
0%
0
0%
0/11
0
0
0
0
0
0
78.0
0
0.2
60.1
38.2
22.0
4.8
3.5
0.1
10
1.1
1.4
0.2
0.5
2.2
2
0
0
0.7
4.0
2.5
1.5
8.7
1.1
0.3
0.0
8
1
1
27
17
62
1
0
0
0.0
0.7
0.1
1
0%
0
0%
0/2
0%
0/5
0/14
0
0
0
0
2
60.4
4
1.2
36.7
18.5
19.1
1.8
2.4
0.9
6
1.0
0.9
0.0
0.6
0.8
0
1
0
0.5
3.2
2.9
0.4
10.8
0.6
1.5
0.1
4
0
0
24
20
74
1
0
0
0.0
0.3
0.0
0
0%
0
0%
0
0%
0/2
0/6
0
0
0
0
2
61.6
2
0.6
37.3
20.8
16.6
2.0
2.0
0.0
8
1.3
1.2
0.2
0.7
1.8
0
0
1
0.9
3.7
3.0
0.8
10.1
0.7
0.8
0.0
2
0
0
36
32
71
2
8
318
0.2
1.7
0.7
2
13%
0
0%
0
0%
5/31
3/29
0
4
4
0
10
45.6
7
1.6
28.0
8.6
19.9
1.6
1.3
0.6
0.5
0.5
0.6
0.4
0.3
0
0
0
1.6
3.5
3.4
0.1
9.4
0.3
1.3
0.2
2
0
0
33
29
78
3
3
859
0.1
1.3
0.5
2
7%
0
0%
0/1
0%
0/11
3/32
0
3
0
0
1
75.3
0
1.3
56.8
24.5
32.5
5.2
3.9
0.2
1.1
1.8
0.6
1.4
0.9
1
0
1
0.8
3.8
3.4
0.5
8.4
0.3
0.8
0.0
1
0
0
37
22
52
0
9
213
0.2
1.7
0.5
1
14%
0
0%
0/1
0%
6/33
3/30
0
7
1
0
4
33.1
6
0.9
16.7
4.4
12.9
0.9
0.6
0.5
0.4
0.6
0.4
1.0
0.5
0
0
0
1.0
3.0
2.9
0.1
8.4
0.4
1.3
0.0
3
0
0
32
23
62
0
2
989
0.1
0.5
0.1
1
13%
0
0%
0
0%
1/9
1/7
1
0
1
1
1
48.6
1
0.4
33.8
16.8
16.9
1.4
0.9
0.0
1.1
2.2
0.3
0.5
0.3
1
1
0
0.8
5.9
4.6
1.4
6.3
1.1
1.6
0.0
4
1
1
35
33
82
11
19
151
0.5
4.1
1.4
10
13%
7/8
88%
1/13
8%
12/70
7/74
0
2
17
0
7
69.4
12
1.8
40.7
13.4
28.0
3.2
3.3
0.7
1.1
0.7
0.6
1.7
0.1
1
0
0
1.9
3.8
3.7
0.1
15.3
0.3
1.1
0.3
2
0
1
29
18
50
2
9
163
0.3
1.9
0.7
4
17%
0
0%
2/6
33%
6/33
3/21
1
0
8
0
8
22.3
8
1.2
11.7
3.0
9.1
0.3
0.6
0.4
0.3
0.6
0.4
0.7
0.1
1
0
0
0.4
1.3
1.2
0.1
5.9
0.5
0.3
0.2
2
0
0