36
36
90
1
2.1
0/2
3.0
0.3
76
66
10
109
68
40
1
20
0
0
0.0
0.0
0.0
0
0%
0
0%
0
0%
0
0
0
0
0
0
0
44.6
0
0.0
26.8
20.8
6.0
10.1
4.7
0.0
5
0.1
0.0
0.0
0.1
0.6
0
2
0
0.1
0.2
0.1
0.1
8.3
0.0
0.1
0.0
0
0
0
19
18
86
1
1
1631
0.1
0.5
0.2
1
10%
0
0%
0/3
0%
1/4
0/6
0
0
1
0
0
58.3
0
0.1
41.4
30.3
11.2
6.8
2.8
0.1
4
1.4
0.7
0.0
0.1
4.2
0
0
0
0.1
3.5
1.2
2.3
7.6
1.1
0.5
0.1
3
0
0
2
1
50
0
0
0
0.0
0.0
0.0
0
0%
0
0%
0
0%
0
0
0
0
0
0
0
27.5
0
0.0
17.5
14.5
3.0
0.0
1.0
0.0
1
1.0
0.5
0.0
0.0
3.5
0
0
0
0.0
1.5
1.5
0.0
2.5
1.0
1.0
0.0
0
0
0
23
21
79
2
0
0
0.0
0.3
0.1
0
0%
0
0%
0
0%
0/7
0
0
0
0
0
0
63.0
0
0.1
43.6
33.2
10.4
4.0
2.0
0.0
4
2.3
1.0
0.0
0.7
3.2
1
0
1
0.7
4.4
2.4
2.0
7.6
0.7
0.7
0.0
2
0
0
28
22
70
1
2
978
0.1
0.7
0.1
4
11%
0
0%
0
0%
2/15
0/4
0
0
2
0
2
59.0
1
0.6
34.7
19.8
15.4
3.5
2.3
0.5
1
1.3
1.6
0.2
0.6
1.8
1
0
0
0.4
4.1
3.1
1.0
10.8
1.0
1.2
0.0
6
0
0
3
3
51
0
0
0
0.0
0.0
0.0
0
0%
0
0%
0
0%
0
0
0
0
0
0
0
42.7
0
2.0
26.3
12.3
15.7
2.3
1.3
1.7
2.0
1.3
0.3
0.3
0.0
0
0
0
0.0
1.7
1.7
0.0
8.7
1.0
0.3
0.0
1
0
0
33
27
67
1
7
314
0.2
1.0
0.3
0
21%
1/1
100%
0/7
0%
6/12
1/21
1
1
5
0
3
44.7
6
1.1
24.7
11.2
14.2
2.8
1.8
0.6
0.9
1.5
0.2
1.1
1.1
0
1
0
1.1
4.2
3.3
0.9
9.7
1.5
0.7
0.0
11
0
0
34
31
81
0
4
687
0.1
1.0
0.3
3
11%
0
0%
0
0%
4/18
0/17
2
0
2
0
0
52.5
4
0.7
33.9
17.0
17.5
3.1
2.2
0.7
1.0
1.4
0.2
1.4
1.6
0
1
0
0.4
3.9
2.9
1.1
8.7
1.3
1.1
0.1
5
0
0
12
4
39
0
1
473
0.1
0.8
0.4
2
10%
0
0%
0/1
0%
1/5
0/5
0
0
1
0
2
24.1
1
0.7
11.9
4.6
8.0
0.9
0.4
0.7
0.1
0.2
0.3
0.4
0.2
0
0
0
1.1
2.8
2.6
0.3
6.5
0.9
1.3
0.1
3
0
0
29
21
66
0
1
1902
0.0
1.0
0.2
1
3%
0
0%
0
0%
1/28
0/2
1
0
0
1
4
30.2
6
0.8
13.6
5.0
8.6
0.5
0.5
0.0
0.0
0.4
0.4
0.3
0.9
0
1
0
0.4
7.5
2.3
5.2
10.1
1.2
1.7
0.5
4
0
0
13
6
48
0
1
618
0.1
1.1
0.4
2
7%
0
0%
0
0%
1/12
0/2
0
0
1
1
2
21.8
4
0.9
11.5
4.3
7.2
0.5
0.7
0.0
0.2
0.2
0.3
0.5
0.6
0
0
0
0.1
4.7
1.2
3.5
5.6
1.5
1.0
0.3
1
0
0