21
20
86
1
1.4
0/3
2.8
0.4
29
25
4
59
47
12
2
13
0
0
0.0
0.0
0.0
0
0%
0
0%
0
0%
0
0
0
0
0
0
0
36.0
0
0.0
20.4
19.0
1.4
4.6
2.1
0.0
4
0.0
0.1
0.0
0.0
0.6
2
2
0
0.0
0.3
0.1
0.1
6.2
0.0
0.0
0.0
0
0
0
32
32
86
4
4
691
0.1
0.8
0.3
2
15%
0
0%
0
0%
4/21
0/6
4
0
0
0
2
72.8
1
0.2
53.5
31.9
21.7
3.4
2.5
0.1
9
2.2
1.6
0.3
0.4
2.3
2
1
1
0.5
4.5
2.8
1.8
8.1
2.0
0.8
0.0
10
0
0
29
27
80
2
0
0
0.0
0.6
0.1
1
0%
0
0%
0
0%
0/11
0/5
0
0
0
0
1
70.5
2
0.4
49.3
31.4
17.9
3.3
1.7
0.0
6
2.3
2.0
0.1
0.7
2.5
2
1
1
0.6
5.4
3.4
1.9
8.8
1.7
0.9
0.0
5
1
1
16
13
69
2
0
0
0.0
0.4
0.1
0
0%
0
0%
0
0%
0/7
0
0
0
0
0
1
52.2
2
0.1
38.6
28.1
10.6
2.0
0.9
0.0
3
1.8
0.9
0.1
0.3
2.8
0
1
0
0.3
3.2
1.6
1.6
4.8
0.8
0.5
0.1
3
0
0
6
5
69
0
1
412
0.2
0.5
0.3
0
33%
0
0%
0
0%
1/3
0
1
0
0
0
0
62.2
0
0.2
45.2
28.5
16.7
1.8
1.8
0.0
1
1.2
0.5
0.2
0.2
2.8
0
1
1
0.5
4.2
1.5
2.7
8.0
1.0
0.5
0.0
2
0
0
33
29
77
8
7
361
0.2
2.1
0.8
3
10%
1/1
100%
0/10
0%
4/31
3/38
0
2
5
0
6
57.7
15
1.9
31.1
11.9
20.9
1.8
1.4
1.7
1.2
1.2
0.7
1.2
0.7
1
0
1
1.2
4.5
3.9
0.6
13.8
1.3
1.5
0.2
10
0
0
33
29
80
6
13
204
0.4
2.3
1.0
8
17%
1/1
100%
0/1
0%
11/48
2/29
1
2
10
1
10
49.9
12
1.5
26.3
8.8
17.9
0.9
1.0
0.4
1.2
1.8
0.8
1.5
0.2
0
0
0
1.5
4.9
4.5
0.4
12.2
1.0
1.3
0.3
2
0
0
1
0
10
0
0
0
0.0
0.0
0.0
0
0%
0
0%
0
0%
0
0
0
0
0
0
1
9.0
0
1.0
5.0
1.0
4.0
0.0
0.0
0.0
0.0
1.0
1.0
0.0
0.0
0
0
0
0.0
2.0
2.0
0.0
1.0
0.0
1.0
0.0
0
0
0
28
24
70
2
10
197
0.4
1.3
0.6
4
28%
5/5
100%
0/2
0%
10/21
0/15
1
1
8
0
2
52.1
2
0.9
37.6
15.1
23.0
2.8
1.7
0.5
0.4
0.7
0.3
0.9
0.8
2
1
1
0.4
1.9
1.5
0.4
8.3
1.1
0.4
0.1
4
0
0
26
19
58
0
5
302
0.2
1.5
0.5
3
13%
0
0%
0
0%
3/21
2/18
0
3
2
2
2
32.3
7
1.1
18.1
6.0
12.4
1.0
1.0
0.3
0.3
0.8
0.5
1.1
0.0
1
0
0
1.0
3.1
3.0
0.1
8.0
1.0
1.2
0.2
3
1
1
10
6
57
0
1
572
0.1
1.6
0.7
1
6%
0
0%
0
0%
1/12
0/4
0
0
1
0
1
32.9
0
1.7
17.9
5.0
13.3
0.9
1.0
0.4
0.3
0.4
0.5
0.7
0.2
0
0
0
0.9
2.4
2.2
0.2
8.3
0.8
0.9
0.1
1
0
0