37
37
90
0
1.5
2/9
3.3
0.3
54
50
4
122
82
38
1
26
0
0
0.0
0.0
0.0
0
0%
0
0%
0
0%
0
0
0
0
0
0
1
38.4
1
0.0
18.9
15.1
3.8
7.2
1.7
0.0
6
0.0
0.0
0.0
0.0
0.6
0
0
0
0.0
0.4
0.2
0.2
10.0
0.0
0.2
0.0
0
0
0
29
28
89
3
2
1295
0.1
0.4
0.1
0
17%
0
0%
0
0%
2/12
0
1
1
0
0
0
59.3
0
0.1
37.8
26.7
11.1
4.4
2.8
0.0
6
2.3
1.0
0.0
0.3
4.6
1
0
0
0.1
4.3
1.8
2.6
9.4
1.2
0.8
0.0
6
0
0
32
25
71
2
1
2279
0.0
0.3
0.0
1
9%
0
0%
0
0%
1/11
0
0
1
0
0
2
47.1
2
0.2
31.9
23.8
8.1
3.3
1.6
0.0
4
1.8
0.5
0.0
0.2
2.8
1
0
0
0.2
2.8
1.3
1.4
6.2
0.5
0.6
0.0
5
0
0
12
11
74
0
0
0
0.0
0.0
0.0
0
0%
0
0%
0
0%
0
0
0
0
0
0
1
52.4
1
0.3
31.1
21.8
9.3
2.4
1.4
0.1
1
1.9
2.3
0.2
0.8
2.1
0
0
0
0.1
4.6
3.2
1.4
8.1
0.8
0.8
0.0
3
0
0
37
37
87
1
1
3220
0.0
0.2
0.1
0
13%
0
0%
0
0%
0/4
1/4
0
1
0
0
3
65.8
7
0.8
34.3
16.9
18.1
1.4
1.5
0.7
7
0.9
1.1
0.4
0.4
1.7
0
1
0
0.8
3.7
2.5
1.2
15.9
0.4
0.7
0.1
2
0
1
35
28
72
3
5
502
0.1
1.6
0.6
2
9%
2/2
100%
0/4
0%
5/23
0/34
0
1
4
1
8
56.5
8
1.8
28.1
9.8
19.8
3.4
3.8
1.5
0.3
0.8
0.5
0.9
0.5
0
1
0
0.8
2.5
2.5
0.1
18.0
0.4
0.8
0.3
1
0
0
25
10
39
0
0
0
0.0
0.5
0.2
1
0%
0
0%
0/2
0%
0/5
0/8
0
0
0
0
4
28.8
3
0.9
13.5
4.0
9.9
1.0
1.4
0.5
0.2
1.2
0.4
0.8
0.4
0
0
0
0.7
4.3
3.2
1.1
8.2
1.3
1.3
0.1
5
0
0
33
29
80
0
3
882
0.1
0.7
0.3
2
13%
0
0%
0
0%
3/22
0/1
3
0
0
0
1
41.8
1
0.5
21.9
10.1
11.8
0.5
0.4
0.0
0.8
2.3
0.5
1.2
0.8
0
0
2
0.4
8.1
3.5
4.6
9.4
2.2
0.7
0.1
10
0
0
32
26
72
0
2
1153
0.1
0.4
0.1
0
14%
0
0%
0
0%
1/8
1/6
0
0
2
0
1
44.3
1
0.3
27.4
13.3
14.1
1.2
1.1
0.0
1.5
1.8
0.3
1.3
1.0
0
0
1
0.6
5.2
4.2
1.1
6.8
1.5
1.8
0.0
9
0
0
33
25
67
1
13
170
0.4
2.5
0.8
5
16%
2/3
67%
0/4
0%
11/59
2/23
2
2
9
1
1
25.8
2
0.6
10.8
4.0
7.0
0.6
0.6
0.1
0.2
0.4
0.5
0.5
0.3
0
0
0
0.5
3.0
1.9
1.1
8.3
0.8
1.1
0.5
1
0
0
16
10
55
0
3
293
0.2
1.8
0.8
1
10%
1/1
100%
0/2
0%
2/16
1/13
0
2
1
0
2
20.1
2
0.7
9.9
3.1
6.9
0.6
0.7
0.1
0.2
0.1
0.3
0.1
0.3
0
0
0
0.2
2.2
1.4
0.8
5.4
0.8
1.1
0.2
1
0
0