29
29
90
1
1.9
1/7
2.6
0.5
55
50
5
76
56
20
0
21
0
0
0.0
0.0
0.0
0
0%
0
0%
0
0%
0
0
0
0
0
0
0
53.3
0
0.0
31.5
28.3
3.2
10.6
4.1
0.0
4
0.1
0.1
0.0
0.1
0.9
1
0
0
0.0
0.6
0.3
0.3
12.6
0.0
0.2
0.0
1
0
0
25
19
66
2
1
1653
0.0
0.4
0.1
1
11%
0
0%
0
0%
1/8
0/1
1
0
0
0
1
53.2
1
0.2
36.3
27.1
9.2
3.8
2.0
0.0
2
1.5
1.9
0.1
0.6
1.7
1
0
1
0.4
5.9
3.6
2.3
7.2
1.3
1.3
0.0
9
1
1
27
19
67
1
3
602
0.1
0.4
0.1
0
30%
0
0%
0
0%
3/9
0/1
3
0
0
0
1
47.9
1
0.0
33.5
24.7
8.8
3.8
1.3
0.0
2
1.5
0.9
0.1
0.3
2.5
2
0
0
0.1
3.0
1.4
1.6
6.5
1.4
0.4
0.0
6
0
0
22
19
70
2
1
1534
0.0
1.0
0.2
1
5%
0
0%
0/1
0%
0/12
1/9
0
1
0
0
6
61.9
4
1.3
29.0
14.5
15.9
2.4
1.9
1.3
1
0.7
2.3
0.5
1.1
1.3
0
0
1
1.1
5.9
4.5
1.3
15.5
1.6
1.2
0.1
7
0
0
25
22
75
0
1
1873
0.0
0.2
0.1
0
20%
0
0%
0
0%
1/5
0
1
0
0
0
1
62.1
2
0.2
44.8
29.3
15.6
7.1
5.6
0.0
2
1.4
1.4
0.1
0.4
2.2
1
0
2
0.1
3.5
2.1
1.4
9.3
1.0
0.6
0.1
7
1
1
16
8
55
1
0
0
0.0
0.1
0.0
0
0%
0
0%
0
0%
0
0/2
0
0
0
0
0
51.6
0
0.1
33.8
11.4
22.5
5.3
2.0
0.1
0.7
1.4
0.5
0.9
0.2
0
0
0
2.3
7.7
7.4
0.3
6.8
0.4
3.8
0.0
0
0
0
29
26
77
0
0
0
0.0
0.7
0.2
1
0%
0
0%
0/3
0%
0/2
0/19
0
0
0
0
2
66.0
3
0.8
48.5
21.2
27.6
5.6
5.1
0.3
1.2
1.4
0.4
0.9
0.4
0
0
0
0.4
3.3
2.8
0.5
10.0
0.9
1.0
0.0
5
0
0
12
9
67
0
0
0
0.0
0.2
0.0
0
0%
0
0%
0
0%
0/1
0/1
0
0
0
0
0
50.1
0
0.3
36.0
22.3
13.8
3.7
2.1
0.1
1.3
1.5
0.4
1.1
0.6
0
0
0
0.5
3.7
2.7
1.0
6.1
1.4
0.7
0.0
2
0
0
20
17
62
0
6
207
0.3
1.1
0.5
1
27%
0
0%
0
0%
6/14
0/8
0
0
6
3
0
30.8
0
0.3
17.0
7.5
9.7
0.9
0.7
0.1
0.5
1.2
0.2
1.0
1.0
0
0
1
0.2
3.1
2.3
0.8
6.7
1.4
0.8
0.0
6
0
0
25
21
76
3
11
172
0.4
1.8
0.7
6
24%
4/4
100%
0
0%
11/43
0/2
0
8
2
0
3
32.9
3
0.9
15.5
4.9
10.6
0.7
0.4
0.0
0.1
0.5
0.6
0.1
0.8
0
0
1
1.1
4.3
2.6
1.6
8.7
2.2
1.1
1.0
5
0
0
21
12
47
0
6
163
0.3
1.6
0.7
2
18%
0
0%
0
0%
6/22
0/11
0
5
1
0
1
25.2
3
0.5
14.2
5.3
9.1
0.7
0.8
0.2
0.4
0.2
0.4
0.3
0.2
0
0
0
0.3
1.1
1.1
0.0
6.0
0.1
0.6
0.1
1
0
0