37
37
90
5
1.5
1/5
3.5
0.2
56
49
7
131
81
49
0
38
0
0
0.0
0.0
0.0
0
0%
0
0%
0
0%
0
0
0
0
0
0
0
42.2
0
0.0
25.2
23.5
1.6
4.4
3.5
0.0
7
0.0
0.1
0.0
0.0
0.7
4
0
0
0.0
0.6
0.2
0.5
6.9
0.1
0.1
0.0
1
0
0
34
33
89
2
0
0
0.0
0.7
0.1
1
0%
0
0%
0
0%
0/21
0/4
0
0
0
1
4
91.6
3
0.4
73.0
46.2
26.9
3.4
2.0
0.0
8
1.5
0.9
0.1
0.4
2.8
1
0
0
0.2
4.2
2.1
2.1
7.9
1.2
1.1
0.0
7
0
0
24
22
77
1
2
921
0.1
0.5
0.1
1
17%
0
0%
0
0%
1/9
1/3
0
0
2
0
1
78.0
0
0.3
62.5
42.9
19.6
2.3
0.9
0.0
3
2.1
1.6
0.0
0.6
2.3
2
0
0
0.5
4.8
2.6
2.2
5.2
1.3
0.6
0.0
6
0
0
24
19
73
1
0
0
0.0
0.2
0.1
0
0%
0
0%
0
0%
0/4
0
0
0
0
0
0
74.5
0
0.0
64.3
40.4
24.0
2.2
0.8
0.0
4
1.1
0.8
0.1
0.2
1.8
1
1
2
0.3
3.0
1.5
1.6
3.8
1.1
0.3
0.0
4
1
1
19
7
42
0
0
0
0.0
0.3
0.0
0
0%
0
0%
0/2
0%
0/3
0/2
0
0
0
0
0
35.0
0
0.0
25.6
14.8
10.8
0.6
0.4
0.0
3
0.8
0.8
0.2
0.3
1.5
0
0
0
0.2
1.7
1.1
0.6
3.0
0.4
0.1
0.0
2
0
0
30
28
83
4
17
146
0.6
3.8
1.4
10
15%
7/8
88%
1/10
10%
13/54
4/59
0
17
0
1
7
60.2
10
1.9
31.7
8.5
24.2
2.0
2.2
1.0
0.9
1.4
0.9
1.4
1.1
0
0
0
1.0
4.7
4.3
0.4
14.9
1.4
2.0
0.1
4
0
0
34
32
85
3
4
721
0.1
1.2
0.3
0
10%
2/2
100%
0/6
0%
3/12
1/29
0
0
4
1
2
97.2
5
1.1
71.4
31.4
40.3
4.9
4.4
0.3
1.5
2.4
0.5
0.8
1.7
0
1
1
0.8
6.0
4.6
1.4
13.2
1.5
1.4
0.0
9
0
0
35
20
51
2
5
358
0.1
1.2
0.4
3
12%
0
0%
0/1
0%
5/25
0/18
0
1
3
1
2
34.3
5
1.0
17.7
5.7
12.4
0.7
0.5
0.4
0.5
0.8
0.3
0.6
0.3
0
0
0
1.5
3.2
2.9
0.4
9.3
0.7
0.5
0.1
6
0
0
32
27
65
0
5
419
0.2
1.7
0.4
6
9%
1/1
100%
0
0%
5/31
0/24
0
0
5
0
4
40.1
10
1.7
21.6
5.6
16.1
0.4
0.4
0.1
0.3
1.0
0.5
0.6
0.4
0
0
0
1.1
3.8
3.3
0.4
10.3
1.6
1.2
0.2
5
0
0
25
19
68
1
11
155
0.4
1.7
0.8
6
26%
3/3
100%
0
0%
10/37
1/6
2
2
7
3
5
23.4
5
0.6
12.7
4.9
7.8
0.2
0.3
0.0
0.0
0.0
0.3
0.1
0.1
0
0
0
0.2
2.0
1.5
0.4
6.1
0.6
1.3
0.8
1
0
0
5
0
11
0
0
0
0.0
0.4
0.2
0
0%
0
0%
0
0%
0/2
0
0
0
0
0
2
8.6
2
0.4
2.2
1.0
2.0
0.0
0.2
0.8
0.0
0.4
0.2
0.2
0.2
0
0
0
0.6
1.2
1.2
0.0
3.0
0.0
0.2
0.0
0
0
0