32
32
90
1
1.9
0/9
2.3
0.1
62
54
8
73
52
20
2
15
0
0
0.0
0.0
0.0
0
0%
0
0%
0
0%
0
0
0
0
0
0
0
35.0
0
0.0
18.9
15.1
3.8
6.7
2.8
0.0
7
0.0
0.0
0.0
0.0
0.4
1
1
1
0.0
0.3
0.1
0.2
9.3
0.0
0.1
0.0
0
0
0
33
33
89
4
5
587
0.2
0.8
0.3
1
19%
0
0%
0
0%
5/25
0/1
3
2
0
1
0
64.2
0
0.2
41.5
29.9
11.5
3.5
1.8
0.0
8
2.1
1.5
0.2
0.5
4.1
0
1
1
0.2
5.1
2.2
2.9
10.1
0.9
0.5
0.0
2
0
0
23
21
85
1
0
0
0.0
0.5
0.1
3
0%
0
0%
0
0%
0/7
0/5
0
0
0
0
0
66.7
1
0.3
46.8
34.4
12.4
4.8
2.4
0.0
2
2.0
0.9
0.3
0.3
3.1
0
0
1
0.8
3.8
2.3
1.6
8.7
1.0
0.6
0.0
8
0
0
25
24
80
1
2
1005
0.1
0.7
0.1
0
12%
0
0%
0
0%
2/17
0
1
1
0
0
0
60.0
0
0.2
38.0
23.7
14.6
4.0
3.9
0.3
6
2.1
1.2
0.0
0.8
2.4
0
0
1
0.5
5.0
3.0
2.0
10.6
1.7
1.4
0.1
3
0
0
24
17
58
0
2
690
0.1
0.3
0.1
0
33%
0
0%
0
0%
2/5
0/1
1
0
1
0
2
39.5
1
0.3
20.3
10.2
10.5
1.0
1.0
0.4
2
0.8
1.0
0.2
0.4
1.3
1
0
1
0.4
2.2
1.7
0.5
8.9
0.5
0.3
0.0
4
0
0
2
0
28
0
0
0
0.0
1.5
0.5
0
0%
0
0%
0/2
0%
0
0/3
0
0
0
0
0
18.5
0
1.5
7.0
3.0
5.5
0.5
0.0
1.5
0.5
1.5
0.0
0.5
0.5
0
0
0
1.0
3.0
3.0
0.0
3.5
0.5
0.5
0.0
0
0
0
31
20
63
0
1
1953
0.0
0.6
0.2
1
6%
1/1
100%
0/4
0%
1/8
0/10
0
1
0
0
6
41.8
9
1.2
15.4
7.1
9.9
2.1
1.7
1.6
0.5
1.5
0.2
0.5
1.0
0
0
1
0.9
3.4
3.2
0.2
12.7
0.8
0.7
0.0
1
0
0
36
33
79
0
1
2861
0.0
0.6
0.1
0
5%
0
0%
0
0%
1/11
0/11
0
0
1
0
1
49.6
3
0.4
31.4
15.7
15.9
2.8
2.4
0.2
0.9
1.9
0.4
1.0
1.1
0
0
0
1.0
5.4
4.1
1.4
8.8
2.0
1.2
0.0
8
1
1
15
3
27
0
0
0
0.0
0.3
0.1
0
0%
0
0%
0/2
0%
0/2
0/3
0
0
0
0
0
19.1
1
0.6
10.6
4.7
6.2
1.2
1.1
0.3
0.6
0.8
0.0
0.3
0.3
0
0
0
0.3
2.1
1.6
0.5
4.2
0.4
0.6
0.0
2
0
0
35
33
83
5
13
223
0.4
3.1
1.1
6
12%
4/5
80%
0/8
0%
13/71
0/36
1
5
7
3
6
38.9
13
1.1
13.6
4.9
8.8
0.7
0.6
0.1
0.3
0.9
0.6
0.7
0.5
0
0
1
1.3
8.4
5.9
2.4
12.0
1.7
3.9
0.6
4
0
0
33
17
49
1
1
1621
0.0
1.2
0.4
4
3%
0
0%
1/13
8%
0/15
1/25
0
0
1
0
5
30.2
7
1.6
13.2
4.6
10.1
1.3
1.1
1.4
0.2
0.6
0.3
0.4
0.1
2
0
0
1.2
2.6
2.5
0.1
10.0
0.7
0.7
0.1
6
0
0