35
35
90
0
1.5
0/13
2.8
0.0
51
45
6
98
52
46
3
15
0
0
0.0
0.0
0.0
0
0%
0
0%
0
0%
0
0
0
0
0
0
0
33.4
0
0.0
17.1
13.8
3.3
5.5
1.6
0.0
8
0.0
0.0
0.0
0.0
0.3
0
1
4
0.0
0.4
0.2
0.2
7.1
0.1
0.1
0.0
5
0
0
20
19
82
1
1
1642
0.1
0.2
0.1
0
25%
0
0%
0
0%
1/3
0/1
1
0
0
0
0
52.0
0
0.1
34.7
24.6
10.2
2.4
2.5
0.1
6
1.3
1.1
0.1
0.3
3.6
0
0
0
0.2
3.3
1.4
1.9
7.3
0.4
0.3
0.0
1
0
0
15
9
57
0
0
0
0.0
0.4
0.1
0
0%
0
0%
0
0%
0/5
0/1
0
0
0
0
0
32.3
0
0.0
20.6
15.3
5.3
1.3
0.7
0.0
1
1.2
1.0
0.0
0.1
2.7
0
0
0
0.0
2.9
1.1
1.7
4.3
0.7
0.2
0.2
1
0
0
35
32
80
0
1
2788
0.0
0.3
0.1
2
10%
0
0%
0
0%
1/10
0
1
0
0
0
0
50.5
0
0.2
33.4
21.5
12.0
1.6
0.7
0.0
6
1.9
1.7
0.1
0.6
2.6
1
1
1
0.1
4.9
3.1
1.7
6.3
1.4
1.3
0.0
5
0
0
30
24
74
1
1
2215
0.0
0.4
0.1
1
9%
0
0%
0
0%
1/10
0/1
1
0
0
0
0
54.3
2
0.3
35.8
21.9
14.0
1.7
1.1
0.1
5
1.9
1.3
0.2
0.5
1.9
0
1
0
0.2
4.4
2.7
1.7
7.1
1.3
1.2
0.1
6
0
0
36
36
89
8
9
356
0.3
2.3
0.6
1
11%
3/3
100%
0/10
0%
7/16
2/66
0
0
9
0
9
79.8
20
2.3
40.7
14.1
28.6
4.5
3.4
2.0
0.5
1.1
0.4
1.3
0.3
1
0
1
3.4
8.1
8.0
0.2
22.3
0.9
3.5
0.0
3
1
2
3
2
63
0
0
0
0.0
0.7
0.0
0
0%
0
0%
0
0%
0
0/2
0
0
0
0
0
38.7
0
0.7
19.3
5.0
14.7
1.3
1.0
0.3
0.3
3.3
0.3
0.0
0.0
0
0
0
0.7
4.3
4.3
0.0
10.7
1.0
0.3
0.3
0
0
0
30
25
61
0
3
612
0.1
0.7
0.2
0
14%
0
0%
0
0%
2/10
1/12
0
0
3
0
0
40.2
0
0.3
24.8
11.8
13.1
1.3
1.1
0.1
0.7
1.7
0.4
1.0
0.4
0
1
1
1.1
4.7
4.4
0.4
6.6
1.3
1.5
0.0
9
0
0
34
34
86
0
5
587
0.1
0.8
0.2
3
18%
1/1
100%
0
0%
4/17
1/11
1
0
4
1
7
51.4
6
1.3
30.9
10.2
20.9
1.0
1.2
0.2
0.8
0.5
0.7
0.5
0.6
0
0
0
1.1
3.5
3.3
0.1
11.2
1.1
1.7
0.2
8
0
0
11
9
69
0
3
252
0.3
1.5
0.6
2
18%
0
0%
0
0%
2/12
1/5
0
1
2
1
1
31.6
1
0.7
10.3
2.3
8.1
0.3
0.3
0.1
1.2
1.5
0.9
1.0
0.5
0
0
0
1.4
5.7
3.7
2.0
11.3
1.6
0.9
0.6
2
0
0
4
1
29
0
1
115
0.3
0.5
0.5
0
50%
0
0%
0
0%
1/2
0
0
1
0
0
0
11.8
0
0.5
5.0
1.5
3.5
0.0
0.0
0.0
0.0
0.0
0.5
0.3
0.0
0
0
0
1.0
1.3
1.3
0.0
4.0
0.5
0.3
0.0
0
0
0