33
33
90
3
1.3
0/7
2.7
0.2
42
35
7
89
54
33
3
28
0
0
0.0
0.0
0.0
0
0%
0
0%
0
0%
0
0
0
0
0
0
0
33.4
0
0.0
11.0
6.0
5.1
6.3
1.0
0.0
6
0.0
0.0
0.0
0.0
0.8
0
1
2
0.0
0.3
0.0
0.3
15.8
0.1
0.1
0.0
1
0
0
34
28
74
6
5
505
0.1
1.1
0.4
3
14%
0
0%
0/6
0%
4/20
1/17
0
4
1
0
3
64.2
10
2.1
32.2
14.7
19.7
2.5
2.2
2.2
3
1.3
0.9
0.4
0.4
1.2
0
1
1
0.3
3.1
2.6
0.5
17.8
0.9
1.4
0.1
6
0
0
26
20
66
2
0
0
0.0
0.2
0.1
1
0%
0
0%
0
0%
0/4
0/2
0
0
0
0
2
52.5
1
0.2
37.4
26.8
10.6
3.0
1.6
0.0
2
2.5
0.8
0.0
0.2
3.2
0
0
1
0.3
4.3
1.5
2.8
5.4
1.2
0.4
0.0
4
0
0
5
3
66
0
0
0
0.0
0.4
0.0
0
0%
0
0%
0
0%
0/2
0
0
0
0
0
0
40.2
0
0.0
22.4
15.4
7.0
3.2
1.2
0.0
1
2.6
1.6
0.4
0.8
2.2
0
1
0
0.4
5.0
2.4
2.6
7.0
0.8
0.4
0.0
1
0
0
30
22
62
1
0
0
0.0
0.5
0.1
1
0%
0
0%
0
0%
0/13
0/2
0
0
0
0
0
38.1
2
0.2
24.3
16.5
7.8
1.3
0.7
0.0
2
0.9
1.4
0.0
0.3
2.0
1
0
0
0.2
3.3
1.9
1.4
6.0
1.3
0.3
0.1
9
0
0
33
32
85
2
4
701
0.1
1.0
0.3
2
12%
0
0%
0
0%
4/29
0/5
1
0
3
0
7
58.7
7
0.7
24.6
11.7
13.3
2.3
3.3
0.4
1.4
1.9
0.3
0.7
2.1
0
1
0
0.5
4.7
3.5
1.3
15.8
1.4
1.1
0.3
8
0
0
32
27
78
1
3
837
0.1
1.0
0.3
3
9%
0
0%
1/2
50%
2/20
1/12
1
0
2
0
6
51.6
10
1.1
24.9
9.7
16.2
1.3
1.3
0.9
0.6
0.9
0.2
0.7
0.8
0
0
0
0.6
2.1
1.6
0.5
14.3
0.3
0.1
0.3
3
0
0
28
19
65
0
2
910
0.1
0.4
0.1
1
17%
0
0%
0/1
0%
2/4
0/8
0
2
0
0
0
50.4
0
0.6
33.8
14.9
19.3
1.6
1.2
0.4
1.0
0.9
0.5
0.5
0.8
0
0
0
1.1
4.3
3.0
1.3
8.6
0.8
1.0
0.0
2
0
0
20
14
61
1
2
615
0.1
0.6
0.2
0
17%
2/2
100%
0/2
0%
2/2
0/10
0
2
0
0
2
47.8
1
0.6
29.9
14.3
15.8
2.0
1.8
0.3
0.6
1.2
0.4
1.1
1.1
0
0
0
0.5
3.3
2.0
1.2
10.7
0.9
0.4
0.0
1
0
0
35
33
74
2
5
517
0.1
0.9
0.4
1
17%
1/1
100%
0/1
0%
5/17
0/13
1
0
4
1
5
42.9
11
1.1
17.9
4.9
13.4
0.9
0.8
0.3
0.8
0.8
0.7
0.5
0.3
1
0
0
1.7
6.8
5.4
1.4
13.8
1.0
3.0
0.3
6
0
0
33
32
83
1
7
392
0.2
1.4
0.5
6
16%
0
0%
0/1
0%
6/28
1/17
2
5
0
0
3
50.9
2
0.8
30.4
11.4
19.1
1.5
1.1
0.1
0.4
0.9
0.8
1.0
1.1
1
0
1
0.8
4.2
2.2
2.0
11.6
1.8
0.5
0.1
5
0
1