31
31
89
1
0.8
1/3
1.8
0.3
25
22
3
57
26
31
1
16
0
0
0.0
0.0
0.0
0
0%
0
0%
0
0%
0
0
0
0
0
0
0
36.2
0
0.0
24.2
23.1
1.1
3.5
2.5
0.0
16
0.0
0.0
0.0
0.0
0.4
2
1
1
0.0
0.2
0.1
0.1
4.9
0.0
0.1
0.0
2
0
0
19
19
90
0
1
1710
0.1
0.7
0.4
0
7%
0
0%
0
0%
1/9
0/5
0
1
0
0
0
90.2
1
0.2
71.7
47.6
24.1
4.0
2.3
0.1
11
0.9
1.6
0.2
0.2
2.7
0
0
0
0.2
4.6
2.4
2.2
9.6
0.8
0.6
0.1
0
0
0
26
24
84
2
1
2195
0.0
0.4
0.2
0
9%
0
0%
0
0%
1/7
0/4
0
0
1
0
2
90.2
3
1.0
63.0
34.7
28.6
1.5
1.6
0.3
12
1.1
2.0
0.2
0.7
2.3
2
0
0
0.2
4.9
2.8
2.1
12.5
1.2
0.5
0.2
5
0
1
32
25
74
2
1
2378
0.0
1.1
0.3
0
3%
0
0%
0/4
0%
0/14
1/20
0
0
1
0
2
74.4
4
1.3
46.8
23.0
24.9
2.3
2.0
1.1
9
0.5
1.7
0.3
0.7
1.3
0
0
1
1.1
4.6
3.3
1.3
12.2
1.0
0.5
0.0
3
0
0
27
27
85
2
3
763
0.1
1.0
0.4
1
11%
0
0%
0
0%
3/22
0/5
0
2
1
0
5
81.4
2
1.1
44.6
18.6
27.0
1.9
1.9
1.0
9
0.9
1.6
0.3
0.7
1.7
0
0
0
0.6
5.1
3.7
1.4
17.5
0.9
1.5
0.3
3
0
0
27
18
57
1
4
382
0.1
1.2
0.6
9
12%
0
0%
0
0%
4/28
0/5
0
4
0
2
3
39.7
1
0.7
24.1
8.3
15.8
0.4
0.5
0.0
0.1
0.7
0.4
0.8
0.7
0
1
0
0.7
3.0
1.9
1.1
8.7
1.0
0.6
0.3
2
0
0
28
23
72
3
7
288
0.3
0.5
0.3
2
50%
7/9
78%
0
0%
7/10
0/4
0
0
7
0
1
74.6
3
0.9
56.8
29.8
27.2
2.7
2.7
0.1
1.4
2.0
0.4
1.6
0.7
2
1
1
0.6
4.3
3.7
0.6
8.4
1.1
1.0
0.0
2
0
0
30
24
72
3
0
0
0.0
0.3
0.1
1
0%
0
0%
0
0%
0/3
0/7
0
0
0
0
2
64.4
2
0.7
44.1
20.7
23.4
2.3
1.6
0.0
2.0
2.6
0.6
1.0
0.9
0
0
0
0.9
4.3
3.7
0.6
9.8
1.2
0.2
0.0
7
0
0
36
32
80
7
6
482
0.2
2.3
0.8
3
7%
1/1
100%
0/6
0%
5/36
1/46
0
2
4
2
5
68.2
13
2.4
40.9
11.8
30.8
1.6
1.2
1.7
0.9
2.1
0.7
1.2
0.3
0
0
0
1.2
5.1
4.5
0.6
13.7
1.4
1.2
0.1
2
0
0
35
29
74
1
6
434
0.2
2.3
0.9
18
8%
0
0%
0
0%
6/67
0/12
1
0
5
5
8
35.6
10
1.0
17.5
4.5
13.4
0.2
0.3
0.3
0.2
0.6
0.4
1.0
0.2
0
0
0
0.8
2.6
2.3
0.3
10.7
0.8
0.9
0.8
2
0
0
22
12
47
1
6
173
0.3
1.5
0.6
4
19%
0
0%
0
0%
6/31
0/1
0
1
4
1
1
17.5
1
0.4
6.8
2.7
4.0
0.1
0.1
0.0
0.2
0.3
0.3
0.3
0.8
0
0
0
0.3
2.9
1.1
1.8
5.2
1.0
0.5
0.2
0
0
0
