31
31
88
1
1.3
0/3
2.9
0.3
39
28
11
90
57
33
0
28
0
0
0.0
0.0
0.0
0
0%
0
0%
0
0%
0
0
0
0
0
0
0
42.5
0
0.0
19.9
14.1
5.8
8.5
2.9
0.0
10
0.1
0.0
0.0
0.1
1.3
2
2
1
0.0
0.4
0.1
0.3
12.5
0.0
0.1
0.0
1
0
0
30
30
89
4
0
0
0.0
0.4
0.0
0
0%
0
0%
0/3
0%
0/4
0/9
0
0
0
0
7
70.8
11
1.6
32.7
16.7
17.5
1.3
1.8
1.5
9
1.0
2.1
0.2
0.8
2.4
0
0
0
0.6
6.5
3.4
3.1
19.1
1.1
0.7
0.1
2
0
1
31
29
87
2
0
0
0.0
0.5
0.1
0
0%
0
0%
0
0%
0/9
0/5
0
0
0
0
2
56.1
2
0.1
33.3
24.6
8.7
1.2
0.5
0.1
11
1.1
1.8
0.0
0.5
3.5
0
0
1
0.3
4.5
2.6
1.8
8.5
0.5
0.5
0.1
4
0
0
35
33
85
3
3
997
0.1
0.5
0.2
0
19%
0
0%
0
0%
3/15
0/1
2
1
0
0
1
66.3
2
0.2
48.3
37.1
11.3
3.7
2.7
0.0
10
1.5
0.8
0.0
0.5
4.5
0
0
0
0.1
4.3
1.1
3.2
7.7
0.4
0.2
0.0
4
0
0
25
18
65
0
0
0
0.0
0.5
0.2
1
0%
0
0%
0
0%
0/5
0/7
0
0
0
0
3
41.2
2
0.8
21.4
12.0
9.8
1.3
1.4
0.4
5
0.5
1.6
0.1
0.4
1.3
2
0
0
0.8
3.4
3.0
0.4
8.4
0.5
0.7
0.0
0
0
0
36
24
63
2
6
377
0.2
1.4
0.5
3
12%
3/4
75%
0/7
0%
6/21
0/28
0
1
5
0
5
35.9
4
1.2
20.1
9.8
11.1
0.7
0.5
0.8
0.9
0.8
0.3
0.9
0.5
1
0
0
0.4
1.9
1.7
0.1
8.1
0.6
0.5
0.0
2
0
0
29
29
85
1
2
1226
0.1
0.6
0.2
1
11%
0
0%
0
0%
2/10
0/8
1
1
0
0
3
57.9
2
0.7
39.3
21.4
18.0
1.3
0.6
0.0
1.3
1.8
0.5
1.0
0.9
1
0
0
0.7
4.2
2.9
1.3
10.0
0.8
0.4
0.0
6
0
0
28
17
56
0
0
0
0.0
0.5
0.1
0
0%
0
0%
0
0%
0/1
0/13
0
0
0
0
1
41.5
2
0.5
26.6
13.0
13.8
2.0
2.0
0.1
0.4
1.3
0.4
1.5
0.4
1
0
1
1.1
3.5
2.8
0.7
8.4
1.3
0.5
0.1
3
0
0
23
21
77
4
6
296
0.3
1.6
0.8
0
16%
0
0%
0/4
0%
4/18
2/19
0
3
3
1
4
62.2
11
1.8
37.3
15.8
22.2
4.3
3.4
0.7
0.7
1.2
0.8
1.5
0.0
0
0
0
1.5
4.7
4.4
0.3
14.6
0.7
1.7
0.3
4
0
0
34
33
84
2
7
410
0.2
2.4
0.9
10
9%
1/1
100%
0/1
0%
6/63
1/18
2
0
5
1
3
40.1
4
0.7
15.4
5.3
10.2
0.4
0.3
0.1
0.4
1.5
0.7
1.0
1.0
1
0
0
1.8
6.6
5.4
1.2
13.0
1.0
2.1
0.7
4
0
1
33
32
87
2
16
180
0.5
2.5
1.4
17
19%
0
0%
0
0%
16/72
0/11
7
1
8
2
0
34.7
1
0.5
14.1
4.0
10.2
0.5
0.3
0.1
0.2
0.5
0.5
0.2
1.0
0
0
0
0.7
7.1
2.4
4.7
11.8
1.1
1.2
0.5
3
0
0
