36
36
90
2
1.3
0/6
3.2
0.1
48
45
3
116
80
34
1
25
0
0
0.0
0.0
0.0
0
0%
0
0%
0
0%
0
0
0
0
0
0
0
33.6
0
0.0
16.0
13.3
2.7
4.4
1.4
0.0
9
0.0
0.0
0.0
0.1
1.1
1
2
0
0.0
0.5
0.1
0.4
7.5
0.0
0.1
0.0
2
0
0
33
33
90
0
0
0
0.0
0.5
0.2
3
0%
0
0%
0
0%
0/18
0
0
0
0
0
0
70.2
0
0.2
49.8
37.6
12.1
3.6
2.3
0.0
9
1.3
1.1
0.0
0.6
5.8
1
1
1
0.3
4.1
1.6
2.5
8.8
0.5
0.2
0.1
1
0
0
31
31
86
0
2
1335
0.1
0.5
0.1
1
14%
0
0%
0/1
0%
1/4
1/10
0
1
0
0
1
68.5
1
0.5
37.2
21.2
16.3
2.1
1.9
0.3
7
1.5
1.2
0.1
0.7
2.6
2
0
0
0.7
3.7
2.7
1.0
15.2
1.0
0.8
0.1
3
0
0
31
30
88
2
1
2730
0.0
0.4
0.1
0
8%
0
0%
0/1
0%
1/8
0/5
0
0
1
0
1
75.0
0
0.3
51.4
37.6
13.8
5.8
4.2
0.0
9
1.4
1.1
0.1
0.4
4.8
0
1
2
0.3
5.0
1.8
3.2
12.9
1.3
0.5
0.0
7
0
1
22
18
67
0
0
0
0.0
0.3
0.0
0
0%
0
0%
0
0%
0/5
0/2
0
0
0
0
1
51.1
2
0.8
23.7
12.3
12.5
1.5
1.4
1.0
4
1.2
2.2
0.2
0.4
2.0
0
0
1
0.5
4.8
3.5
1.3
12.8
1.3
0.8
0.1
3
0
0
33
28
72
0
5
476
0.2
1.0
0.3
3
15%
0
0%
0/1
0%
5/26
0/8
1
0
4
1
2
35.5
2
0.4
17.8
7.2
10.8
0.8
0.8
0.2
0.6
0.9
0.4
0.6
1.0
0
0
0
0.8
2.8
2.4
0.5
9.7
1.2
0.6
0.1
7
0
0
31
26
73
0
0
0
0.0
0.4
0.1
0
0%
0
0%
0
0%
0/2
0/11
0
0
0
0
2
59.2
2
0.7
41.1
21.9
19.4
1.5
1.6
0.2
1.6
2.0
0.6
1.4
0.8
1
0
0
0.5
4.0
3.3
0.6
8.7
1.3
0.8
0.0
5
0
0
31
22
64
0
1
1982
0.0
1.1
0.3
5
3%
0
0%
0
0%
1/25
0/10
0
0
1
1
0
37.4
2
0.5
18.8
5.7
13.2
0.3
0.4
0.1
0.2
0.8
0.5
0.5
0.5
0
0
0
1.2
5.2
3.7
1.5
10.0
0.9
1.7
0.1
3
0
0
28
19
61
0
1
1711
0.0
0.7
0.1
0
5%
0
0%
0
0%
1/5
0/14
0
0
1
1
0
43.2
1
0.4
26.5
15.1
11.4
1.7
1.2
0.0
1.1
2.2
0.3
0.8
0.7
0
0
0
0.9
4.5
3.7
0.8
7.7
1.1
0.5
0.0
5
0
0
27
13
52
0
3
471
0.1
2.2
0.7
4
5%
1/2
50%
0/2
0%
3/47
0/12
1
1
1
0
3
23.3
4
0.9
10.3
3.3
7.1
0.3
0.4
0.1
0.1
0.3
0.3
0.2
0.3
0
0
1
0.3
4.0
1.4
2.6
7.0
0.8
0.9
0.1
3
0
0
34
31
81
1
4
688
0.1
2.0
0.7
4
6%
0/1
0%
0/4
0%
4/45
0/24
0
1
3
0
4
52.6
9
1.8
25.0
7.9
18.0
0.6
0.6
0.9
0.6
1.0
0.9
0.9
0.2
0
0
0
2.4
5.4
5.2
0.2
15.9
1.4
1.7
0.4
5
0
0
