33
33
90
5
1.0
1/8
2.5
0.7
32
30
2
84
57
26
1
8
1
2970
0.0
0.0
0.0
0
100%
0
0%
0
0%
1/1
0
1
0
0
0
0
40.0
0
0.0
25.3
24.2
1.2
3.2
1.5
0.0
10
0.1
0.1
0.0
0.0
1.3
4
3
1
0.1
0.7
0.2
0.4
4.8
0.0
0.2
0.0
1
0
0
36
34
84
3
2
1517
0.1
1.5
0.3
0
4%
0
0%
0/18
0%
1/13
1/42
0
0
2
0
7
94.9
14
2.2
52.5
21.1
33.3
4.2
5.1
1.9
10
1.4
1.6
0.6
0.6
1.2
2
1
1
0.9
2.9
2.7
0.2
23.9
0.6
0.3
0.1
2
0
0
38
38
89
3
1
3385
0.0
0.5
0.1
1
5%
0
0%
0
0%
1/14
0/5
0
1
0
0
7
96.9
11
1.7
59.6
24.0
37.2
2.1
2.0
1.6
10
0.6
1.2
0.4
0.8
1.8
0
1
1
0.7
3.0
2.2
0.8
20.2
0.6
0.3
0.2
2
0
0
10
9
69
2
1
691
0.1
0.5
0.2
0
20%
0
0%
0
0%
1/5
0
1
0
0
0
2
62.0
3
0.3
47.9
34.0
13.9
1.4
1.3
0.0
3
0.7
1.4
0.1
0.1
2.2
0
0
0
0.0
4.1
1.8
2.3
7.1
1.1
0.4
0.0
2
0
0
9
9
89
0
0
0
0.0
0.1
0.0
0
0%
0
0%
0
0%
0/1
0
0
0
0
0
0
75.7
0
0.1
57.6
43.4
14.1
1.7
1.4
0.0
2
1.3
2.1
0.0
0.3
3.0
0
1
0
0.3
5.7
2.8
2.9
8.6
1.3
0.3
0.0
3
0
0
38
34
78
0
2
1477
0.1
0.8
0.2
1
6%
0
0%
0/1
0%
1/16
1/15
0
0
2
0
0
55.0
1
0.6
42.9
15.9
27.0
1.2
1.1
0.0
0.7
0.6
0.5
0.6
0.4
1
0
0
0.9
3.2
2.1
1.0
5.7
0.4
0.6
0.0
1
0
0
26
11
41
1
0
0
0.0
0.5
0.1
0
0%
0
0%
0
0%
0/3
0/9
0
0
0
0
1
42.8
1
0.5
28.2
11.8
16.8
1.1
1.2
0.4
0.5
1.0
0.3
0.8
0.5
1
0
0
0.2
2.6
1.7
0.9
7.1
0.7
0.4
0.0
3
0
0
30
28
85
0
0
0
0.0
0.3
0.0
0
0%
0
0%
0
0%
0/5
0/5
0
0
0
1
0
81.5
0
0.1
63.5
39.9
23.5
3.3
2.4
0.0
1.5
1.9
0.3
0.9
2.2
1
0
2
0.2
4.9
3.1
1.8
7.8
1.0
0.9
0.0
6
0
0
24
20
77
3
1
1858
0.0
0.9
0.2
1
5%
0
0%
0/1
0%
0/3
1/19
0
0
1
0
0
85.0
3
1.3
64.2
24.6
39.7
5.0
5.1
0.0
1.3
2.5
0.6
1.3
0.5
0
0
1
1.4
6.3
5.0
1.3
10.4
2.0
1.0
0.0
4
0
0
37
34
83
4
22
140
0.6
3.4
1.4
19
17%
6/6
100%
0/1
0%
20/98
2/28
2
19
1
2
5
49.8
12
1.6
28.6
5.6
23.1
0.6
0.6
0.2
0.0
0.5
0.8
0.2
0.3
0
1
0
1.0
2.5
2.1
0.5
13.4
0.6
0.6
0.4
0
0
0
35
31
80
4
11
255
0.3
2.7
1.0
18
12%
0
0%
0
0%
11/81
0/13
2
4
5
1
7
49.7
11
1.7
22.7
4.2
18.7
0.8
0.9
0.3
0.4
1.4
0.8
0.6
0.3
0
0
0
2.3
6.9
5.9
1.0
14.7
1.5
2.2
0.9
3
0
0
