38
38
90
1
1.2
1/6
3.7
0.3
46
38
8
142
81
60
5
29
0
0
0.0
0.0
0.0
0
0%
0
0%
0
0%
0
0
0
0
0
0
0
40.5
0
0.1
18.7
14.0
4.6
7.0
2.4
0.0
15
0.1
0.1
0.0
0.0
0.4
1
1
0
0.0
0.6
0.3
0.3
11.6
0.0
0.2
0.0
1
0
0
38
38
90
0
0
0
0.0
0.2
0.1
0
0%
0
0%
0/1
0%
0/2
0/4
0
0
0
0
2
68.8
3
1.0
34.6
14.6
20.7
3.1
2.6
0.7
15
1.4
2.2
0.3
0.8
2.3
1
0
1
0.4
5.0
3.2
1.9
15.3
0.7
0.6
0.0
7
0
0
36
36
89
2
2
1598
0.1
0.5
0.2
2
11%
0
0%
0
0%
2/19
0
1
1
0
0
2
58.7
0
0.2
36.3
24.4
11.9
3.6
2.5
0.0
14
1.1
0.9
0.1
0.2
4.7
2
1
0
0.2
4.1
1.5
2.5
11.3
0.6
0.5
0.1
4
1
1
36
35
89
1
2
1598
0.1
0.6
0.2
6
9%
0
0%
0
0%
2/21
0/1
1
0
1
0
0
48.0
0
0.1
30.3
24.1
6.3
2.1
1.4
0.0
12
0.8
0.7
0.0
0.1
4.4
0
1
1
0.2
4.9
2.3
2.6
6.3
0.5
1.5
0.0
3
0
0
28
28
85
3
0
0
0.0
0.3
0.1
0
0%
0
0%
0
0%
0/4
0/5
0
0
0
0
2
61.8
2
0.8
27.3
13.4
14.6
2.0
1.6
0.8
10
2.1
2.5
0.1
1.2
2.9
0
0
2
0.4
5.0
3.7
1.3
14.3
1.3
0.8
0.1
6
1
1
36
29
65
2
7
334
0.2
1.8
0.6
4
11%
0
0%
0/2
0%
6/46
1/18
0
5
2
1
6
34.6
6
1.0
15.1
5.7
10.1
1.2
0.9
0.6
0.4
0.7
0.4
0.7
0.3
1
0
0
1.4
4.2
3.3
0.9
10.9
0.9
1.1
0.2
1
0
0
37
37
90
2
3
1110
0.1
1.2
0.3
2
7%
0
0%
0
0%
1/13
2/32
0
3
0
1
5
53.2
6
1.1
29.3
10.3
19.3
3.3
3.2
0.3
1.2
1.6
0.7
1.5
0.6
2
0
0
1.4
5.7
5.1
0.6
12.8
1.2
2.1
0.0
12
0
0
26
24
84
5
6
364
0.2
1.9
0.7
4
12%
0
0%
0/2
0%
4/37
2/13
0
0
6
2
10
60.8
14
3.2
31.9
6.6
26.0
1.2
1.2
0.7
0.5
1.2
1.0
0.3
0.2
3
0
0
2.5
8.9
7.9
1.0
14.3
1.5
4.2
0.3
6
0
0
26
18
61
1
3
525
0.1
1.5
0.5
3
8%
0
0%
0/2
0%
1/21
2/18
1
1
1
1
1
40.7
6
1.6
24.5
8.1
17.2
1.4
0.7
0.7
0.2
0.2
0.4
0.5
0.2
1
0
0
1.2
3.0
2.1
0.9
9.6
0.5
0.7
0.2
0
0
0
37
37
90
3
14
238
0.4
2.6
1.2
13
14%
1/2
50%
0
0%
14/87
0/10
3
4
7
0
5
38.2
8
1.2
15.6
2.6
13.1
0.2
0.3
0.1
0.2
0.8
0.8
0.6
0.6
0
0
0
1.1
6.9
3.2
3.7
13.2
1.3
1.3
0.8
2
1
1
28
17
58
1
10
162
0.4
2.3
1.1
4
16%
4/4
100%
0/6
0%
9/29
1/35
0
1
9
0
0
33.3
1
0.9
14.1
3.5
11.4
0.4
0.6
0.8
0.2
0.6
0.5
0.6
0.4
0
0
0
0.9
3.5
2.5
1.0
10.9
0.6
1.0
0.2
2
0
0
