35
35
89
0
1.1
1/2
2.5
0.3
37
33
4
86
52
32
0
13
0
0
0.0
0.0
0.0
0
0%
0
0%
0
0%
0
0
0
0
0
0
0
37.8
0
0.0
21.8
20.1
1.7
3.1
1.3
0.0
11
0.0
0.0
0.0
0.0
0.7
1
1
0
0.0
0.4
0.1
0.3
6.7
0.1
0.1
0.0
0
0
1
27
26
85
1
1
2301
0.0
0.6
0.1
0
7%
0
0%
0
0%
1/4
0/11
0
0
1
1
3
66.7
5
1.1
34.8
18.0
17.7
1.6
0.8
0.9
8
0.6
1.0
0.2
0.7
2.1
0
0
0
0.6
2.9
2.2
0.7
16.6
0.5
0.7
0.0
4
0
0
25
24
84
0
1
2093
0.0
0.6
0.2
1
7%
0
0%
0
0%
1/7
0/8
0
0
1
1
2
62.5
4
0.8
37.2
17.3
20.4
0.7
0.8
0.5
7
1.3
1.2
0.3
1.2
1.2
0
0
0
0.5
3.2
1.9
1.2
11.8
0.8
0.3
0.0
8
0
0
14
7
42
0
2
294
0.1
1.4
0.6
2
10%
0
0%
0
0%
2/17
0/3
0
1
1
0
1
20.0
3
0.6
8.2
1.6
6.9
0.2
0.1
0.4
0.6
0.5
0.2
0.4
0.2
0
0
0
0.9
2.2
1.7
0.5
5.8
0.6
0.3
0.1
0
0
0
30
28
85
2
0
0
0.0
0.5
0.1
0
0%
0
0%
0
0%
0/12
0/2
0
0
0
0
1
71.0
0
0.1
52.3
36.8
15.5
3.1
2.3
0.0
11
0.8
1.4
0.1
0.6
3.9
0
0
0
0.3
4.2
1.8
2.4
8.8
0.8
0.2
0.1
2
0
0
23
17
68
0
1
1553
0.0
0.4
0.1
0
11%
0
0%
0
0%
1/4
0/5
0
0
1
0
0
49.7
0
0.2
40.7
22.3
18.4
1.6
1.2
0.0
1.0
0.6
0.1
0.9
0.9
2
0
0
0.2
1.5
1.2
0.3
3.9
0.4
0.4
0.0
3
0
0
31
29
81
1
1
2522
0.0
0.7
0.2
0
5%
0
0%
1/7
14%
0/3
1/18
0
1
0
0
2
81.2
2
0.5
63.7
31.2
32.6
4.2
3.4
0.1
0.8
1.6
0.4
0.9
1.2
1
2
0
0.3
4.3
3.1
1.3
8.7
1.3
1.2
0.0
7
0
1
29
16
56
2
10
161
0.3
1.7
0.7
3
21%
1/1
100%
0/1
0%
10/39
0/9
0
7
3
0
1
35.7
1
0.4
17.6
5.4
12.4
0.2
0.1
0.2
0.4
0.7
0.5
0.5
0.4
0
0
0
0.9
3.8
2.5
1.2
10.2
0.4
0.9
0.1
1
0
1
25
17
65
2
0
0
0.0
0.5
0.1
0
0%
0
0%
0/1
0%
0/6
0/7
0
0
0
0
3
62.6
4
1.1
44.4
19.2
25.5
2.8
2.5
0.4
1.4
1.5
0.4
1.2
0.6
1
0
0
1.0
3.8
3.5
0.3
9.4
0.9
1.0
0.0
4
0
0
29
26
81
2
10
234
0.3
2.0
0.8
7
18%
2/2
100%
0
0%
10/48
0/9
1
1
8
0
3
32.4
3
0.8
16.8
5.0
12.1
0.4
0.6
0.3
0.2
0.4
0.4
0.6
0.5
0
0
0
0.4
2.6
1.4
1.2
8.6
0.4
0.6
0.6
2
0
0
32
30
80
1
5
512
0.2
1.9
0.6
6
8%
0
0%
0/1
0%
4/46
1/15
1
2
2
1
3
51.7
5
1.3
25.0
7.4
18.6
0.4
0.7
1.0
0.8
0.8
0.3
0.9
0.6
0
0
0
1.4
4.6
4.2
0.4
14.6
0.9
2.0
0.5
1
0
0