27
27
90
1
1.0
0/3
2.4
0.3
27
26
1
66
40
25
0
12
0
0
0.0
0.0
0.0
0
0%
0
0%
0
0%
0
0
0
0
0
0
0
45.4
0
0.0
25.9
21.9
4.0
6.9
2.3
0.0
10
0.0
0.0
0.0
0.0
0.5
1
1
1
0.0
0.6
0.1
0.5
11.0
0.1
0.1
0.0
2
0
0
36
36
89
0
0
0
0.0
0.3
0.0
0
0%
0
0%
0
0%
0/9
0/1
0
0
0
0
0
60.5
1
0.2
40.4
25.4
15.0
2.3
1.9
0.0
11
1.7
1.4
0.1
0.9
1.4
0
0
0
0.7
3.6
2.3
1.4
10.3
0.8
0.3
0.0
3
1
1
27
23
76
1
1
2059
0.0
0.6
0.2
0
6%
0
0%
0
0%
1/13
0/4
0
0
1
0
0
59.1
1
0.4
30.8
16.6
14.4
1.1
1.1
0.3
6
1.1
1.9
0.4
1.0
2.6
0
0
1
0.4
6.0
2.5
3.6
13.8
1.3
0.2
0.1
5
0
0
29
29
89
2
1
2595
0.0
0.9
0.2
0
4%
0
0%
0
0%
1/20
0/5
1
0
0
0
0
75.4
0
0.2
51.3
32.8
18.4
3.4
2.1
0.0
9
1.6
1.0
0.2
0.4
2.9
3
0
0
0.6
4.8
2.1
2.7
13.6
0.8
0.5
0.0
4
0
0
33
33
89
5
5
587
0.2
1.0
0.5
4
16%
0
0%
0/3
0%
5/26
0/6
4
0
1
0
0
77.4
1
0.3
60.2
45.6
14.6
5.5
2.7
0.0
11
1.0
0.9
0.1
0.2
3.2
0
0
0
0.2
4.1
1.7
2.4
7.8
0.7
0.6
0.1
5
0
2
35
30
75
1
5
524
0.1
1.7
0.7
5
9%
0
0%
0/2
0%
3/32
2/26
0
1
4
0
5
43.9
6
1.5
22.5
6.2
16.9
1.6
1.8
0.7
0.7
0.9
0.8
0.7
0.1
0
1
0
1.1
3.1
3.0
0.1
12.4
0.8
0.9
0.1
2
0
0
36
35
86
0
1
3111
0.0
1.2
0.1
0
2%
0
0%
0/2
0%
0/7
1/35
0
0
1
0
0
62.6
1
0.4
40.9
19.3
21.6
2.1
1.3
0.0
1.8
2.9
0.5
0.9
1.8
0
0
0
1.5
6.3
5.3
1.1
8.6
1.5
0.9
0.0
8
0
1
34
27
73
1
3
830
0.1
0.9
0.2
2
9%
3/4
75%
0/6
0%
3/16
0/16
0
0
3
1
8
58.4
5
2.1
34.2
15.1
21.1
2.7
2.3
2.0
0.7
1.3
0.6
0.9
0.4
1
0
0
0.3
2.7
2.1
0.6
14.4
0.6
0.5
0.1
3
0
0
30
16
53
1
1
1588
0.0
0.7
0.2
0
5%
0
0%
0
0%
1/16
0/6
0
0
1
0
1
38.9
4
0.8
26.2
11.3
14.9
0.6
0.8
0.1
0.5
0.9
0.6
1.0
0.4
0
0
1
0.6
2.5
2.2
0.3
6.7
0.6
0.7
0.1
0
0
0
33
29
76
0
8
315
0.2
2.2
0.8
11
11%
3/4
75%
0
0%
8/57
0/14
0
1
7
1
2
32.2
6
1.0
15.5
5.3
10.3
0.4
0.3
0.2
0.4
0.6
0.5
0.6
0.2
0
0
1
0.7
3.3
2.6
0.6
9.1
0.8
1.3
0.4
1
0
1
24
17
64
0
6
258
0.3
1.5
0.6
9
17%
0/1
0%
0
0%
4/30
2/5
1
2
3
2
1
20.9
6
0.9
8.7
1.5
7.2
0.1
0.0
0.0
0.3
0.5
0.3
0.5
0.5
0
0
0
0.8
2.8
1.9
0.9
5.5
0.8
0.7
0.2
0
0
0