32
32
90
3
1.2
0/3
3.6
0.8
37
34
3
114
73
40
1
21
0
0
0.0
0.0
0.0
0
0%
0
0%
0
0%
0
0
0
0
0
0
0
37.3
0
0.1
11.7
4.3
7.4
8.7
0.8
0.0
11
0.1
0.0
0.0
0.0
1.3
0
2
2
0.0
0.4
0.1
0.3
15.2
0.1
0.1
0.0
1
0
0
34
34
90
2
1
3060
0.0
0.6
0.1
0
5%
0
0%
0
0%
1/3
0/18
0
0
1
0
1
57.6
7
0.8
24.1
10.3
14.2
3.2
2.0
0.4
10
1.6
1.6
0.5
1.2
2.3
1
0
0
0.8
3.7
2.7
1.0
16.3
0.6
0.4
0.0
5
0
0
36
36
90
4
1
3240
0.0
0.6
0.2
4
5%
0
0%
0
0%
1/21
0/1
1
0
0
0
0
48.2
1
0.3
24.5
15.7
8.8
3.6
2.6
0.1
11
1.2
1.8
0.1
0.7
4.4
0
1
0
0.3
7.6
3.0
4.6
11.5
0.8
0.8
0.1
6
0
0
29
28
84
0
0
0
0.0
0.1
0.1
0
0%
0
0%
0
0%
0/1
0/2
0
0
0
0
1
59.0
2
0.4
24.0
11.9
12.8
2.1
1.8
0.7
8
1.0
1.7
0.1
0.7
2.5
2
0
0
0.9
5.0
3.7
1.3
16.5
0.3
1.2
0.0
1
0
0
30
30
90
3
2
1347
0.1
0.7
0.2
1
9%
0
0%
0
0%
2/20
0/2
2
0
0
0
0
50.2
2
0.2
26.6
18.3
8.3
3.7
2.2
0.0
9
1.4
1.1
0.0
0.5
4.9
1
1
0
0.1
5.4
1.8
3.7
11.4
0.5
0.6
0.0
3
0
0
33
32
85
0
0
0
0.0
1.0
0.2
0
0%
0
0%
0/7
0%
0/13
0/21
0
0
0
0
1
48.0
0
0.5
27.8
10.7
17.2
1.0
1.4
0.1
2.1
1.4
0.8
0.9
1.1
0
0
0
0.5
4.7
2.7
2.0
10.0
1.1
1.0
0.1
2
0
0
38
38
90
1
3
1137
0.1
0.5
0.2
0
15%
0
0%
0/1
0%
3/5
0/15
0
1
2
0
3
67.0
9
1.4
42.3
18.7
24.8
4.2
5.0
1.2
1.2
0.6
0.5
0.8
0.8
0
0
0
0.3
2.4
2.1
0.4
16.6
0.9
1.1
0.0
7
0
0
16
15
85
0
0
0
0.0
0.3
0.0
0
0%
0
0%
0
0%
0/3
0/2
0
0
0
0
0
41.9
0
0.5
26.2
10.6
15.6
1.1
0.8
0.1
1.0
1.6
0.8
1.3
1.2
0
0
0
0.3
4.7
2.6
2.1
7.3
1.3
0.8
0.0
2
0
0
19
12
55
0
1
1054
0.1
0.8
0.3
0
6%
0
0%
0/4
0%
0/8
1/8
0
0
1
0
1
30.4
2
0.4
12.8
4.6
8.5
1.3
0.8
0.4
0.5
1.2
0.4
1.2
1.3
0
1
0
0.6
3.2
2.2
1.0
9.4
1.1
0.5
0.1
3
0
0
33
32
83
1
12
229
0.4
2.1
1.2
19
17%
2/2
100%
0
0%
11/55
1/15
2
0
9
1
3
30.5
2
0.7
12.9
2.6
10.3
0.1
0.3
0.0
0.0
0.4
0.6
0.4
0.6
0
0
0
0.2
5.9
1.2
4.7
11.5
1.2
0.7
0.7
0
0
0
36
34
85
3
2
1536
0.1
0.7
0.3
0
8%
0
0%
0/1
0%
0/9
2/17
0
2
0
0
5
52.4
8
1.3
24.3
9.5
16.2
1.8
1.4
1.4
0.9
1.3
0.6
1.1
0.5
1
0
0
1.8
4.7
4.1
0.5
16.8
0.3
1.1
0.1
1
0
0