37
37
90
1
1.7
1/4
2.9
0.2
64
53
11
106
72
33
2
14
0
0
0.0
0.0
0.0
0
0%
0
0%
0
0%
0
0
0
0
0
0
0
33.8
0
0.0
12.4
6.9
5.4
6.8
1.5
0.0
8
0.0
0.0
0.0
0.0
0.9
0
1
0
0.0
0.4
0.1
0.3
12.7
0.0
0.1
0.0
2
0
0
13
13
88
0
0
0
0.0
0.3
0.1
0
0%
0
0%
0
0%
0/2
0/2
0
0
0
0
1
54.5
0
0.3
26.0
13.5
12.9
1.2
0.6
0.4
0
1.4
1.3
0.1
0.5
1.6
1
0
0
0.3
2.1
1.8
0.3
12.1
0.3
0.2
0.0
2
0
0
26
25
87
0
0
0
0.0
0.1
0.0
0
0%
0
0%
0
0%
0
0/2
0
0
0
0
1
54.5
1
0.3
22.6
11.4
11.3
1.3
1.3
0.1
7
1.6
1.7
0.2
0.7
3.0
1
1
1
0.5
4.4
2.6
1.8
13.5
1.2
0.5
0.0
5
0
0
20
20
90
1
1
1800
0.1
0.6
0.1
1
9%
0
0%
0
0%
1/11
0
1
0
0
0
1
47.3
0
0.4
30.8
22.6
8.2
2.4
2.5
0.0
4
0.7
0.7
0.1
0.2
4.3
0
0
0
0.1
4.3
0.8
3.5
7.0
0.6
0.1
0.1
3
0
0
27
15
53
0
2
719
0.1
0.7
0.4
1
11%
0
0%
0
0%
2/14
0/4
0
1
1
0
3
27.8
5
0.7
10.9
4.0
7.1
0.4
0.1
0.2
0.8
1.1
0.3
0.6
0.4
0
0
0
1.1
4.0
2.9
1.1
9.0
0.9
0.6
0.0
3
0
0
34
25
67
1
1
2263
0.0
1.1
0.3
2
3%
0
0%
0/4
0%
1/13
0/23
0
0
1
0
5
40.6
7
1.2
15.2
5.3
11.6
0.5
0.8
1.6
1.2
2.3
0.5
1.4
0.4
0
0
0
1.3
5.2
5.1
0.1
12.7
0.8
1.6
0.1
0
0
0
36
35
87
0
1
3123
0.0
0.2
0.1
1
14%
0
0%
0
0%
1/6
0/1
1
0
0
0
0
46.6
1
0.2
27.4
21.1
6.4
2.5
1.4
0.0
8
0.9
1.6
0.1
0.5
3.4
2
0
0
0.3
4.6
2.3
2.3
8.9
1.0
0.4
0.0
4
0
0
31
27
77
0
1
2381
0.0
0.6
0.2
1
5%
1/2
50%
0/7
0%
1/2
0/17
0
0
1
0
1
53.8
3
0.7
34.6
18.7
16.4
2.4
2.3
0.5
1.1
2.1
0.1
1.1
1.5
1
1
0
0.3
4.5
3.4
1.1
9.4
1.2
1.1
0.0
8
0
1
34
29
75
3
4
641
0.1
1.1
0.4
1
11%
0
0%
1/4
25%
2/15
2/22
0
1
3
0
6
48.5
5
1.3
26.9
9.6
18.0
0.7
0.6
0.7
0.7
0.8
0.4
0.6
0.2
0
1
0
1.9
5.1
4.8
0.4
11.7
0.5
2.1
0.0
3
0
0
30
29
87
2
11
238
0.4
2.0
0.7
5
18%
2/2
100%
0
0%
10/46
1/14
0
1
10
1
2
45.7
4
1.0
19.2
5.3
14.0
0.3
0.2
0.2
0.3
0.9
0.7
0.6
0.0
0
0
0
1.8
5.9
5.6
0.3
15.3
1.1
2.9
0.7
6
0
0
33
23
64
0
1
2102
0.0
0.8
0.3
2
4%
0
0%
0
0%
1/18
0/8
0
0
1
0
3
34.8
0
0.4
15.5
6.1
9.6
0.3
0.1
0.1
0.5
1.2
0.5
0.8
0.3
0
0
0
1.6
5.5
4.6
0.9
10.2
1.4
1.9
0.2
4
0
0
