35
35
90
3
1.5
1/9
4.0
0.3
52
48
4
140
86
52
1
24
0
0
0.0
0.0
0.0
0
0%
0
0%
0
0%
0
0
0
0
0
0
0
45.7
0
0.0
23.8
23.1
0.7
4.8
3.7
0.0
11
0.0
0.0
0.0
0.0
1.2
6
2
1
0.0
0.7
0.1
0.6
7.5
0.0
0.2
0.0
0
0
0
38
38
89
3
0
0
0.0
0.6
0.2
1
0%
0
0%
0
0%
0/14
0/10
0
0
0
0
0
88.2
5
0.7
49.5
29.2
20.7
4.6
4.3
0.4
11
0.9
2.8
0.2
1.0
2.0
5
0
1
1.1
7.1
5.3
1.7
18.6
0.8
1.4
0.1
7
0
0
36
29
68
0
2
1232
0.1
0.7
0.2
1
8%
0
0%
0
0%
2/14
0/11
0
2
0
0
3
56.4
4
0.8
30.4
15.8
15.0
0.8
0.9
0.4
10
0.6
2.1
0.3
1.2
1.1
2
0
2
0.3
4.7
3.6
1.1
11.6
1.1
1.2
0.2
7
0
0
25
25
88
4
1
2188
0.0
0.6
0.4
3
7%
0
0%
0
0%
1/15
0
1
0
0
0
0
79.6
0
0.0
56.5
43.8
12.7
3.8
3.0
0.0
6
2.4
2.7
0.0
0.9
2.7
1
0
0
0.1
7.7
3.8
3.8
10.2
0.9
1.1
0.0
4
0
1
27
22
77
0
1
2076
0.0
0.5
0.1
3
7%
0
0%
0
0%
1/13
0/1
1
0
0
0
0
59.6
0
0.1
41.3
31.7
9.6
2.3
2.1
0.0
7
1.7
1.8
0.1
0.4
3.1
0
0
1
0.1
3.9
2.2
1.7
7.5
1.0
0.3
0.0
3
0
0
38
38
90
2
8
426
0.2
1.3
0.5
2
17%
0
0%
0
0%
4/19
4/29
1
1
6
0
2
71.8
3
0.7
43.2
21.6
21.9
2.0
1.9
0.3
1.2
1.9
0.3
1.5
1.2
1
0
0
0.6
4.7
3.8
0.9
13.3
1.1
1.3
0.0
7
0
0
35
28
68
0
4
599
0.1
1.0
0.3
0
11%
2/2
100%
0
0%
3/16
1/20
0
0
4
0
5
52.0
3
1.3
34.5
13.7
21.1
1.5
1.3
0.3
0.3
1.1
0.5
1.3
0.4
0
0
1
0.4
2.4
2.0
0.4
11.3
1.3
0.6
0.2
6
0
0
29
28
84
2
1
2429
0.0
0.5
0.2
0
7%
0
0%
1/3
33%
0/2
1/13
0
0
1
0
2
65.0
5
1.2
41.0
23.7
18.3
4.7
4.0
1.0
1.6
2.6
0.4
1.2
1.7
2
1
0
0.7
5.3
4.3
1.0
11.7
1.6
1.1
0.0
10
0
0
36
34
79
3
8
357
0.2
1.3
0.5
6
18%
0
0%
0/1
0%
7/36
1/9
0
3
5
0
8
46.6
10
1.6
20.3
7.9
13.3
0.9
1.0
0.9
0.4
1.8
0.4
0.9
0.5
0
0
0
1.2
4.3
3.6
0.7
16.8
0.8
0.6
0.3
2
0
0
38
37
81
3
17
180
0.4
2.8
1.3
21
16%
2/2
100%
0
0%
15/95
2/12
2
13
2
3
7
24.2
5
0.8
10.3
4.3
6.1
0.1
0.1
0.0
0.3
0.6
0.4
0.5
1.0
0
0
0
0.5
2.9
1.7
1.2
6.6
0.9
0.6
0.5
3
0
0
30
26
79
1
6
395
0.2
2.2
0.8
4
9%
0
0%
1/4
25%
3/44
3/23
0
5
1
0
9
52.4
12
2.1
21.1
6.8
15.5
1.5
1.5
1.3
1.0
1.1
0.5
1.5
0.9
0
0
0
1.9
4.3
4.0
0.3
18.8
0.4
1.0
0.5
3
0
0