36
36
90
1
0.8
1/8
1.8
0.4
28
24
4
66
37
29
0
12
0
0
0.0
0.0
0.0
0
0%
0
0%
0
0%
0
0
0
0
0
0
1
34.4
1
0.0
21.6
20.1
1.5
4.4
2.2
0.0
19
0.0
0.1
0.0
0.0
0.5
3
1
0
0.0
0.4
0.2
0.2
5.1
0.0
0.1
0.0
3
0
0
32
32
89
0
1
2845
0.0
0.4
0.2
2
7%
0
0%
0
0%
1/14
0
1
0
0
0
0
93.4
0
0.1
79.0
47.2
31.8
3.4
2.7
0.0
15
1.1
0.8
0.1
0.4
2.8
0
0
2
0.2
3.5
1.5
1.9
6.5
0.7
0.6
0.0
4
0
0
24
22
81
0
1
1946
0.0
0.4
0.1
0
10%
0
0%
0
0%
0
1/10
0
0
1
0
1
90.1
2
0.3
65.1
28.9
36.3
3.7
2.3
0.1
9
0.6
1.2
0.1
0.3
0.9
0
0
3
1.0
3.8
2.7
1.1
12.0
1.0
0.5
0.0
1
0
0
28
27
82
4
2
1151
0.1
1.3
0.4
1
6%
0
0%
0
0%
2/15
0/20
0
1
1
0
3
90.8
8
1.6
57.7
23.4
34.6
2.4
3.8
0.4
13
1.5
2.4
0.6
1.4
1.0
2
0
0
1.7
5.8
4.8
1.1
14.7
1.3
0.6
0.1
5
0
1
22
22
88
3
4
484
0.2
0.7
0.2
2
27%
0
0%
0
0%
4/11
0/4
1
1
2
0
0
86.9
0
0.1
73.2
43.7
29.5
2.8
1.7
0.0
14
0.8
1.0
0.1
0.2
2.5
0
1
0
0.5
3.5
1.8
1.7
5.7
0.3
0.4
0.0
0
0
1
25
23
80
8
6
334
0.2
3.2
1.0
8
8%
2/3
67%
0/10
0%
5/38
1/42
0
1
5
2
12
72.6
19
3.2
41.3
9.8
33.1
2.6
1.9
1.6
0.4
1.4
1.2
1.4
0.3
0
0
0
1.9
4.7
4.5
0.2
18.1
1.1
1.2
0.0
1
0
0
28
17
58
4
9
179
0.3
1.6
0.7
4
20%
0
0%
0
0%
9/38
0/7
0
5
4
0
5
41.0
5
1.3
24.0
5.4
19.1
0.3
0.7
0.5
0.4
0.8
0.4
0.5
0.4
0
0
0
1.4
3.9
3.4
0.6
9.1
0.4
1.2
0.1
0
0
0
27
23
72
4
9
217
0.3
2.1
0.8
5
16%
0
0%
0/3
0%
7/39
2/19
1
7
1
0
6
52.7
8
1.7
32.9
7.7
25.9
0.9
1.1
0.7
0.3
0.7
0.8
0.9
0.1
0
0
0
1.7
4.1
3.5
0.6
11.0
0.5
1.1
0.3
0
0
0
26
24
80
1
2
1036
0.1
1.1
0.5
3
7%
0
0%
0
0%
0/20
2/8
0
2
0
0
6
65.8
8
1.0
48.4
14.7
33.9
1.9
1.8
0.1
0.7
1.0
0.6
1.6
0.2
0
0
0
1.6
3.8
3.3
0.5
8.8
0.7
0.7
0.1
5
0
0
12
7
47
1
4
140
0.3
1.6
1.0
2
21%
1/2
50%
0
0%
4/18
0/1
1
0
3
0
1
21.8
3
0.6
11.5
3.3
8.3
0.2
0.0
0.1
0.2
0.3
0.4
0.8
0.0
0
0
0
0.7
1.8
1.6
0.2
5.5
0.2
0.6
0.1
0
0
0
31
28
82
2
10
254
0.3
2.3
0.9
13
14%
0/1
0%
1/3
33%
9/58
1/12
2
2
6
2
7
52.9
9
1.3
30.9
6.1
24.8
0.3
0.4
0.0
0.5
0.7
0.7
0.2
0.1
0
0
0
2.1
4.4
4.1
0.3
12.5
1.2
1.3
0.3
4
0
0