13
12
87
1
0.9
0
3.1
0.8
12
12
0
40
23
16
0
7
0
0
0.0
0.0
0.0
0
0%
0
0%
0
0%
0
0
0
0
0
0
0
29.4
0
0.0
13.4
12.3
1.1
2.2
1.2
0.0
4
0.0
0.1
0.0
0.1
0.5
0
2
0
0.0
0.6
0.1
0.5
6.5
0.0
0.0
0.0
3
0
0
34
34
90
5
2
1524
0.1
1.1
0.3
0
6%
0
0%
0
0%
2/33
0/3
2
0
0
0
1
77.1
0
0.2
57.1
36.5
20.6
4.5
3.4
0.0
13
1.8
0.9
0.1
0.3
3.6
3
1
0
0.2
6.0
2.0
4.0
9.3
1.2
0.9
0.0
11
0
0
29
29
89
0
1
2586
0.0
0.1
0.0
0
25%
0
0%
0
0%
1/4
0
0
0
1
0
1
72.8
0
0.2
57.6
39.0
18.6
2.1
1.5
0.0
10
1.0
0.8
0.0
0.4
3.3
0
1
1
0.1
3.3
1.1
2.2
7.3
0.8
0.3
0.0
0
0
0
34
34
90
3
2
1530
0.1
0.2
0.1
0
29%
0
0%
0
0%
2/5
0/2
0
0
2
0
4
78.1
2
0.9
45.1
21.0
24.4
0.8
0.9
0.4
13
1.8
2.6
0.1
0.4
1.8
2
0
0
1.0
5.1
4.0
1.1
12.5
0.9
0.4
0.0
3
0
0
32
30
83
4
1
2655
0.0
0.3
0.2
0
9%
0
0%
0
0%
1/8
0/3
0
1
0
0
5
75.5
7
2.3
42.8
18.3
26.2
0.9
0.7
1.8
10
0.6
1.4
0.3
0.5
1.2
2
0
0
1.1
4.6
3.4
1.2
15.3
1.3
0.9
0.1
8
0
0
37
35
84
10
18
173
0.5
3.3
1.4
8
15%
9/10
90%
0/16
0%
17/48
1/73
1
1
16
0
12
76.9
20
2.6
44.6
12.8
33.0
3.8
3.9
1.1
0.7
1.5
0.6
2.0
0.7
0
0
1
0.6
4.0
3.5
0.4
19.5
1.2
1.4
0.1
6
0
0
30
27
80
0
1
2395
0.0
0.8
0.2
1
4%
0
0%
0
0%
1/3
0/22
0
1
0
0
0
74.4
4
0.8
52.8
22.9
29.9
3.3
2.2
0.0
1.5
2.7
0.8
2.0
0.7
1
0
0
0.8
4.8
4.5
0.3
10.2
1.5
1.0
0.0
5
0
0
32
24
67
1
4
538
0.1
0.8
0.3
1
15%
0
0%
0
0%
2/16
2/10
1
1
2
0
1
53.1
3
0.5
35.3
16.0
19.3
2.1
1.2
0.1
0.9
1.6
0.3
0.4
1.3
0
0
0
0.8
5.2
3.7
1.5
7.8
1.5
1.3
0.0
3
0
0
26
21
73
1
3
632
0.1
1.2
0.4
3
10%
0
0%
0
0%
1/22
2/9
0
1
2
2
3
68.5
4
1.0
42.5
16.1
26.5
3.7
2.8
0.1
1.0
1.4
0.5
0.8
1.4
0
0
2
1.7
6.7
4.5
2.1
14.8
1.6
1.5
0.2
3
0
0
37
33
79
2
11
267
0.3
2.1
1.0
11
14%
0
0%
0/5
0%
9/49
2/30
0
3
8
2
9
48.4
5
1.2
26.4
5.8
20.7
0.9
0.8
0.2
0.2
0.5
0.6
0.5
0.3
0
0
0
2.2
4.5
3.8
0.7
12.7
0.7
1.1
0.7
4
0
0
22
17
68
2
4
371
0.2
2.0
1.0
10
9%
0
0%
0
0%
4/35
0/8
1
0
3
4
3
35.0
4
0.8
18.5
4.4
14.1
0.2
0.4
0.0
0.0
0.1
0.2
0.5
0.4
0
0
0
1.6
3.7
2.9
0.8
9.0
0.7
1.2
0.7
0
0
1