25
25
90
2
1.7
1/4
3.5
0.1
43
38
5
88
59
26
1
21
0
0
0.0
0.0
0.0
0
0%
0
0%
0
0%
0
0
0
0
0
0
0
35.6
0
0.0
11.5
5.3
6.2
7.4
0.8
0.0
4
0.0
0.0
0.0
0.0
1.7
0
0
0
0.0
0.7
0.0
0.7
14.1
0.0
0.1
0.0
3
0
0
24
24
87
0
0
0
0.0
0.2
0.1
0
0%
0
0%
0
0%
0/4
0
0
0
0
0
0
49.9
1
0.3
28.0
22.0
6.2
2.3
1.5
0.1
5
0.7
1.2
0.1
0.2
6.0
0
0
1
0.0
3.8
1.8
2.0
7.9
0.6
0.6
0.0
4
0
0
24
20
77
0
0
0
0.0
0.1
0.0
0
0%
0
0%
0
0%
0/2
0/1
0
0
0
0
1
45.0
1
0.6
20.9
11.9
9.5
1.3
1.0
0.5
3
0.5
1.5
0.2
0.9
1.5
1
0
1
0.5
3.1
2.7
0.4
10.8
0.8
0.7
0.0
4
0
0
22
21
86
1
1
1893
0.0
0.4
0.1
1
13%
0
0%
0
0%
1/8
0
1
0
0
0
0
47.7
0
0.1
29.3
22.2
7.0
1.8
1.1
0.0
3
1.3
1.1
0.0
0.3
4.5
1
0
1
0.2
4.9
1.8
3.1
7.6
0.7
0.5
0.0
3
0
0
19
19
86
0
2
814
0.1
0.8
0.2
0
13%
0
0%
0
0%
2/15
0
2
0
0
0
0
43.4
0
0.2
26.2
20.5
5.7
2.2
1.8
0.0
2
0.6
0.7
0.0
0.2
4.4
0
0
0
0.2
3.8
1.4
2.5
7.2
0.9
0.5
0.0
4
0
0
34
28
72
1
4
612
0.1
1.0
0.4
3
12%
0
0%
0/1
0%
3/19
1/14
0
4
0
0
1
37.9
4
0.9
20.5
7.2
13.5
1.0
0.4
0.2
0.7
1.4
0.3
1.2
0.5
0
1
0
1.1
4.0
3.7
0.2
9.1
0.5
1.1
0.2
3
0
0
24
22
81
0
0
0
0.0
0.7
0.1
0
0%
0
0%
0
0%
0/9
0/7
0
0
0
0
0
47.2
0
0.3
26.5
16.2
10.4
1.2
1.0
0.1
1.8
2.2
0.3
0.9
1.9
0
0
0
0.3
5.5
3.1
2.4
9.0
1.6
0.7
0.0
8
0
0
26
17
63
0
2
814
0.1
1.2
0.3
1
7%
0
0%
1/6
17%
1/10
1/20
0
0
2
0
3
36.4
7
0.7
12.4
6.0
7.0
0.8
0.6
0.6
0.5
1.5
0.4
1.0
0.9
0
0
0
1.5
4.1
3.8
0.2
11.2
0.9
0.9
0.1
3
0
0
30
29
87
0
1
2617
0.0
1.4
0.3
1
2%
0
0%
0/11
0%
0/11
1/31
0
0
1
0
3
59.5
4
1.2
35.7
18.8
17.6
5.8
5.0
0.7
1.2
1.3
0.2
0.9
1.3
0
0
0
0.7
3.2
2.3
0.9
14.6
1.0
0.3
0.0
7
0
0
31
23
64
1
4
498
0.1
1.4
0.7
4
9%
1/1
100%
0
0%
4/36
0/8
0
1
3
1
2
33.7
4
0.5
13.7
5.1
8.7
0.3
0.2
0.0
0.3
1.1
0.4
0.7
0.7
0
0
0
1.2
6.0
3.4
2.7
10.7
0.8
1.2
0.2
3
0
0
26
23
80
2
12
174
0.5
1.9
0.8
10
24%
4/4
100%
0
0%
12/44
0/5
1
3
8
2
5
26.9
4
0.7
9.1
2.7
6.4
0.1
0.2
0.0
0.3
0.5
0.4
0.4
0.5
0
0
0
1.0
4.7
3.0
1.7
9.7
1.5
1.6
0.8
2
0
0