38
38
90
2
1.7
0/4
3.9
0.3
63
50
13
147
88
58
2
39
0
0
0.0
0.0
0.0
0
0%
0
0%
0
0%
0
0
0
0
0
0
0
36.5
0
0.1
11.6
5.4
6.2
7.4
1.1
0.0
5
0.1
0.0
0.0
0.0
0.9
4
2
1
0.1
0.4
0.2
0.2
15.4
0.0
0.1
0.0
1
0
0
31
31
83
2
0
0
0.0
0.3
0.0
0
0%
0
0%
0
0%
0/9
0/1
0
0
0
1
1
51.7
1
0.4
28.2
15.3
13.2
1.2
0.6
0.2
2
1.6
2.2
0.3
0.8
3.3
1
0
1
0.7
5.5
3.8
1.8
8.8
0.8
0.9
0.2
5
0
0
30
30
90
0
0
0
0.0
0.5
0.1
2
0%
0
0%
0
0%
0/12
0/4
0
0
0
0
1
61.8
2
0.6
30.9
13.8
17.4
1.9
1.3
0.4
4
0.7
2.0
0.0
0.8
2.5
1
0
0
0.7
4.1
3.0
1.2
14.8
1.1
0.3
0.1
6
0
0
31
30
85
1
0
0
0.0
0.5
0.1
0
0%
0
0%
0
0%
0/13
0/1
0
0
0
0
1
46.9
1
0.1
29.6
21.0
8.6
3.0
2.0
0.0
4
1.3
1.3
0.0
0.5
4.2
0
0
0
0.0
4.2
1.6
2.6
7.0
0.9
0.3
0.0
7
0
1
10
6
54
0
0
0
0.0
0.0
0.0
0
0%
0
0%
0
0%
0
0
0
0
0
0
0
27.4
0
0.0
14.6
11.5
3.1
2.1
1.3
0.0
0
1.0
0.5
0.0
0.5
2.6
2
0
0
0.0
1.9
0.6
1.3
6.4
0.8
0.1
0.0
1
0
1
32
32
87
0
0
0
0.0
0.4
0.1
2
0%
0
0%
0
0%
0/10
0/3
0
0
0
0
2
46.9
5
0.6
21.9
8.3
14.0
0.7
0.5
0.3
0.8
1.5
0.1
0.9
1.9
1
0
0
0.5
3.5
2.7
0.8
10.6
1.4
0.7
0.3
7
0
0
31
29
83
0
0
0
0.0
0.5
0.2
0
0%
0
0%
0
0%
0/4
0/13
0
0
0
0
2
50.5
2
1.1
30.5
10.4
20.7
1.3
1.1
0.7
0.9
1.6
0.3
1.8
0.3
1
0
0
1.0
3.9
3.5
0.4
11.4
1.1
0.9
0.0
4
0
0
32
26
70
1
0
0
0.0
0.3
0.0
0
0%
0
0%
0/2
0%
0/1
0/10
0
0
0
0
0
55.5
2
1.0
36.6
18.5
19.1
3.5
2.9
1.0
1.1
1.5
0.3
1.6
1.5
1
0
0
0.1
2.3
1.8
0.5
11.0
0.8
0.3
0.0
6
0
0
24
17
67
0
1
1606
0.0
0.4
0.2
0
11%
0
0%
0
0%
1/5
0/4
0
0
1
0
0
45.5
4
0.7
25.1
8.4
17.4
0.8
0.8
0.7
0.5
1.4
0.4
1.1
0.5
0
0
0
0.8
3.3
2.8
0.5
11.5
0.4
0.6
0.2
1
0
0
35
28
69
1
8
300
0.2
2.0
0.7
6
11%
0
0%
0/1
0%
6/43
2/28
2
2
4
0
1
40.6
1
0.5
19.4
4.5
15.0
0.7
0.5
0.1
0.1
0.9
0.3
0.5
0.7
0
0
0
1.3
5.7
3.2
2.5
12.1
1.3
0.9
0.5
7
0
0
23
12
57
0
1
1319
0.0
1.3
0.6
8
3%
0
0%
0
0%
1/27
0/3
1
0
0
1
0
28.7
1
0.7
11.0
1.9
9.1
0.3
0.1
0.0
0.3
0.7
0.2
0.5
1.3
0
0
0
0.2
8.0
2.0
6.0
10.6
1.0
1.1
0.2
2
0
0
