38
38
90
2
1.2
0/10
3.0
0.1
45
44
1
114
75
38
3
18
0
0
0.0
0.0
0.0
0
0%
0
0%
0
0%
0
0
0
0
0
0
0
32.8
0
0.0
16.4
13.8
2.6
4.8
2.3
0.0
12
0.0
0.0
0.0
0.0
0.5
0
1
0
0.0
0.3
0.1
0.2
7.4
0.0
0.1
0.0
0
0
0
25
25
90
0
1
2241
0.0
0.4
0.1
0
10%
0
0%
0
0%
1/10
0
1
0
0
0
0
68.3
1
0.3
47.4
36.0
11.4
4.4
3.6
0.0
9
0.4
1.4
0.1
0.5
4.6
0
0
1
0.2
3.5
1.6
1.8
10.3
0.7
0.1
0.0
2
0
0
19
19
85
2
2
804
0.1
0.8
0.3
1
13%
0
0%
0
0%
2/10
0/5
1
0
1
0
3
67.4
6
0.9
33.7
19.1
15.2
1.1
0.8
0.5
4
1.0
2.9
0.1
1.3
2.2
3
0
1
0.9
6.5
4.5
1.9
14.0
1.2
0.8
0.1
0
0
0
18
17
83
0
0
0
0.0
0.3
0.0
0
0%
0
0%
0
0%
0/5
0
0
0
0
0
0
68.4
0
0.1
48.2
37.8
10.3
2.1
1.4
0.0
4
0.8
2.2
0.0
0.6
4.7
1
1
3
0.1
5.4
2.7
2.7
9.4
1.2
0.4
0.0
1
0
0
27
26
83
1
0
0
0.0
0.7
0.1
0
0%
0
0%
0
0%
0/11
0/9
0
0
0
1
3
66.9
4
0.6
34.4
16.7
18.2
1.4
1.1
0.6
7
1.2
1.7
0.2
0.9
1.5
0
1
1
0.8
4.3
3.3
1.1
16.1
1.0
0.7
0.0
5
0
0
30
14
47
0
3
467
0.1
0.6
0.2
1
17%
0
0%
0
0%
3/13
0/5
1
2
0
0
4
31.7
3
0.5
14.3
4.3
10.1
0.2
0.4
0.2
0.6
1.1
0.3
0.7
0.3
0
0
0
1.1
4.5
3.7
0.8
9.7
0.8
1.6
0.1
1
0
0
25
15
63
0
0
0
0.0
0.1
0.0
0
0%
0
0%
0
0%
0/3
0
0
0
0
0
0
40.0
0
0.2
25.7
14.2
11.5
1.2
1.0
0.0
0.9
0.9
0.2
0.5
0.9
0
0
0
0.7
2.6
2.0
0.6
7.0
0.9
0.4
0.0
3
0
0
28
28
90
0
0
0
0.0
0.5
0.1
2
0%
0
0%
0/8
0%
0/5
0/9
0
0
0
0
0
74.5
0
0.2
53.1
40.5
12.7
4.0
3.1
0.0
8
0.8
0.8
0.0
0.3
4.4
3
0
2
0.1
4.4
1.3
3.1
11.5
0.6
0.4
0.0
3
0
0
20
10
46
4
11
84
0.6
1.9
0.9
2
29%
0
0%
0/7
0%
10/22
1/16
2
8
1
0
2
30.6
2
1.1
13.4
4.4
9.6
1.5
1.3
0.6
0.4
0.8
0.2
0.3
0.7
0
0
0
1.4
3.8
2.6
1.1
8.9
0.5
0.5
0.3
1
0
0
35
35
88
11
23
134
0.7
3.9
1.5
13
17%
4/4
100%
0/14
0%
19/84
4/53
4
3
16
2
14
44.6
14
1.5
18.1
4.9
13.4
1.9
1.5
0.2
0.3
0.6
0.4
0.5
1.1
0
0
0
1.5
6.0
3.8
2.2
13.9
0.7
1.7
0.4
1
0
0
37
36
84
5
17
184
0.5
1.8
1.0
10
25%
1/1
100%
0/1
0%
14/44
3/24
1
5
11
0
10
44.8
14
2.0
23.8
7.2
17.6
0.8
0.6
1.0
0.4
0.9
0.4
1.5
0.1
0
0
0
1.1
3.9
3.4
0.5
11.9
0.4
1.5
0.4
0
0
0