37
37
90
4
2.0
1/11
4.5
0.4
74
63
11
166
103
60
2
39
0
0
0.0
0.0
0.0
0
0%
0
0%
0
0%
0
0
0
0
0
0
1
41.4
1
0.0
12.9
7.4
5.6
8.4
3.5
0.0
6
0.1
0.0
0.0
0.0
1.0
2
0
1
0.0
0.2
0.1
0.2
17.4
0.0
0.1
0.0
1
0
0
35
32
84
0
1
2932
0.0
0.7
0.1
2
4%
0
0%
0
0%
1/22
0/4
0
0
1
0
3
46.2
4
0.5
13.9
7.1
7.3
1.2
0.9
0.5
6
1.4
1.3
0.1
0.7
2.2
0
0
2
0.3
5.9
2.5
3.4
16.9
1.0
0.9
0.1
5
0
0
33
31
84
1
2
1394
0.1
0.4
0.1
2
15%
0
0%
0
0%
2/13
0
2
0
0
0
0
41.5
1
0.2
20.8
13.7
7.1
1.8
1.1
0.0
1
1.3
1.2
0.1
0.5
3.6
2
0
2
0.3
3.9
1.6
2.3
9.6
0.8
0.1
0.0
3
0
1
28
25
75
0
0
0
0.0
0.1
0.0
0
0%
0
0%
0
0%
0/3
0
0
0
0
0
0
43.9
0
0.2
18.4
9.8
8.6
3.2
2.7
0.0
3
1.6
1.6
0.1
0.9
3.5
0
0
1
0.2
4.9
2.3
2.6
12.9
0.5
0.6
0.0
3
0
0
25
25
89
1
0
0
0.0
0.4
0.2
2
0%
0
0%
0/2
0%
0/7
0/4
0
0
0
0
2
60.4
5
0.9
28.2
13.3
15.5
1.8
1.8
0.6
5
1.4
1.8
0.2
0.8
2.0
2
0
2
0.4
4.9
3.2
1.7
14.8
0.6
1.0
0.1
0
0
0
30
28
84
0
2
1266
0.1
1.0
0.2
1
7%
0
0%
0
0%
1/10
1/19
0
0
2
0
2
48.6
1
0.7
24.2
10.4
14.1
1.6
1.0
0.4
0.9
2.7
0.5
2.3
0.9
0
0
0
1.0
6.5
5.8
0.8
11.8
1.4
2.1
0.0
11
0
0
33
20
56
0
2
924
0.1
0.7
0.3
2
9%
0
0%
0/1
0%
2/12
0/10
0
0
2
0
1
26.3
4
0.8
10.8
4.1
7.3
0.4
0.5
0.6
0.3
0.5
0.4
0.5
0.8
1
0
0
0.7
1.9
1.4
0.5
8.8
0.9
0.2
0.2
1
0
0
16
15
82
1
0
0
0.0
0.8
0.0
1
0%
0
0%
0/1
0%
0/6
0/6
0
0
0
0
1
49.2
1
0.4
27.3
13.9
13.4
1.9
2.2
0.0
2.2
2.4
0.8
1.1
2.0
1
0
2
1.2
7.9
5.3
2.6
8.4
1.6
1.8
0.1
4
0
0
18
15
69
0
0
0
0.0
0.3
0.0
0
0%
0
0%
0
0%
0/2
0/3
0
0
0
0
0
30.6
0
0.3
15.1
8.3
6.8
0.9
0.6
0.1
0.9
1.8
0.4
0.9
1.3
0
0
0
0.1
3.0
2.3
0.7
7.8
1.7
0.4
0.0
2
0
1
28
20
56
2
5
313
0.2
1.1
0.4
4
16%
0
0%
0
0%
5/19
0/12
0
2
3
2
0
23.2
1
0.6
10.4
3.2
7.5
0.4
0.5
0.2
0.3
0.3
0.7
0.6
0.3
0
0
0
0.5
2.1
1.5
0.6
7.6
0.1
0.7
0.3
0
0
0
33
30
78
3
11
235
0.3
2.0
0.8
2
17%
4/4
100%
1/10
10%
6/23
5/42
0
11
0
1
6
47.2
11
1.8
22.7
7.3
16.5
1.5
1.4
1.1
0.9
0.8
1.1
1.3
0.4
0
0
0
1.2
4.0
3.6
0.4
14.2
1.0
1.6
0.4
2
0
1