37
37
90
1
1.4
1/8
2.7
0.1
51
48
3
100
68
32
1
16
0
0
0.0
0.0
0.0
0
0%
0
0%
0
0%
0
0
0
0
0
0
0
25.7
0
0.0
11.2
9.1
2.1
4.7
1.5
0.0
10
0.0
0.0
0.0
0.0
0.2
1
2
0
0.0
0.2
0.0
0.2
6.8
0.0
0.0
0.0
1
0
0
37
37
89
1
1
3304
0.0
0.2
0.1
3
14%
0
0%
0
0%
1/6
0/1
1
0
0
0
0
58.6
0
0.1
44.2
34.0
10.1
6.7
5.9
0.0
10
0.7
0.9
0.0
0.4
3.5
1
1
1
0.2
2.5
1.4
1.1
6.5
0.6
0.3
0.0
5
0
0
21
21
90
1
1
1880
0.0
0.7
0.2
1
7%
0
0%
0
0%
1/13
0/2
0
0
1
0
1
60.2
1
0.1
40.7
28.4
12.3
1.9
1.5
0.0
6
1.5
1.6
0.0
0.5
4.0
1
0
1
0.2
4.8
2.0
2.7
9.3
0.7
0.4
0.0
2
0
0
34
34
88
2
1
2988
0.0
0.7
0.3
1
4%
0
0%
0
0%
1/9
0/14
0
0
1
0
1
74.5
0
0.6
37.4
15.4
22.4
1.6
1.3
0.5
1.2
2.5
0.2
0.9
2.1
1
1
1
1.8
6.6
5.4
1.2
15.3
1.2
1.0
0.1
5
0
0
18
14
73
1
0
0
0.0
0.4
0.1
0
0%
0
0%
0
0%
0/6
0/1
0
0
0
0
1
49.9
1
0.3
36.4
23.4
13.0
0.9
1.0
0.0
5
1.1
1.2
0.0
0.3
2.2
0
0
1
0.4
2.9
1.8
1.1
5.6
1.1
0.2
0.0
4
0
0
31
30
83
0
5
512
0.2
2.0
0.7
4
8%
0
0%
0/3
0%
5/33
0/28
0
4
1
0
6
55.1
9
2.0
29.1
9.5
21.5
0.5
0.5
1.9
1.0
0.5
0.3
0.7
0.2
0
0
0
2.1
4.5
3.9
0.6
15.0
0.8
1.4
0.1
4
0
0
36
31
74
3
5
536
0.1
1.9
0.4
0
7%
3/3
100%
0/12
0%
5/14
0/53
1
0
4
0
1
68.1
3
0.9
46.4
23.1
23.4
5.4
3.4
0.1
1.8
2.4
0.3
1.4
1.1
2
0
0
0.3
3.8
3.1
0.7
10.5
1.3
0.5
0.0
8
0
0
33
28
77
0
1
2543
0.0
0.4
0.1
0
7%
0
0%
0/1
0%
0/3
1/11
0
0
1
0
1
64.8
0
1.4
46.1
21.0
26.0
2.3
2.8
0.8
1.4
2.3
0.4
1.7
0.7
0
0
1
0.4
3.9
3.4
0.5
9.9
1.3
0.7
0.0
3
1
1
33
28
76
0
1
2500
0.0
0.9
0.2
5
3%
0
0%
0
0%
1/25
0/6
1
0
0
0
0
46.3
0
0.5
31.2
17.6
13.6
1.3
0.8
0.1
0.8
1.6
0.2
0.9
1.5
2
0
0
0.2
4.8
2.2
2.6
6.9
0.9
0.4
0.1
4
0
0
37
28
71
1
2
1321
0.1
1.2
0.4
0
5%
0
0%
0
0%
2/26
0/17
0
0
2
1
2
41.7
6
1.5
14.4
3.7
11.4
0.4
0.5
0.6
0.2
0.8
0.7
0.2
0.3
0
1
0
4.1
9.2
7.2
2.0
15.1
1.3
2.3
0.2
4
0
0
24
22
70
0
3
559
0.1
1.3
0.6
0
9%
0
0%
0
0%
3/22
0/10
0
1
2
0
2
37.4
3
0.9
19.5
6.8
12.9
1.8
1.6
0.3
0.5
0.5
0.6
0.7
0.1
0
0
0
1.6
3.5
3.2
0.3
10.6
0.6
1.1
0.2
3
0
0